-0.050212 -0.0324451 -0.0111441 0.00286598 -0.00218221 -0.0400482 -0.00803911 -0.0654986 -0.0302783 -0.0308066 -0.0293232 -0.0144755 -0.0591822 -0.0139292 -0.0109958 -0.0302571 -0.0134204 -0.024647 -0.0256373 -0.0127491 -0.0143166 -0.00873588 -0.000859098
-64.8248 -21.126 -19.985 -19.0483 -18.6997 -50.5699 -52.2363 -79.9964 -51.3506 -49.6035 -58.9241 -60.589 -65.3222 -21.6634 -23.3309 -69.4831 -60.4736 -45.7726 -59.7259 -51.3785 -18.7973 -20.0145 -16.113
10.1783 1.74626 -0.280346 -2.79623 -5.42525 8.13435 -15.4815 12.5622 3.94088 -0.683185 -8.14219 -17.6614 10.4052 1.6945 -0.310299 -9.50139 -17.6641 -0.822962 -8.31248 -15.0499 -0.391582 -2.84752 -4.66798
-0.0124089 -0.00717325 -0.00308624 0.000196384 -0.0022708 -0.0100179 -0.00463462 -0.0154365 -0.00782264 -0.00757485 -0.00782988 -0.00504964 -0.0138564 -0.00399236 -0.00285128 -0.00821213 -0.00475201 -0.00724776 -0.00733333 -0.00435919 -0.00392053 -0.00248353 -0.000515686
-15.7424 -5.19482 -4.8568 -4.59653 -4.4856 -12.7905 -12.4227 -19.0361 -12.6461 -12.1486 -13.9881 -14.1424 -16.0347 -5.32116 -5.62148 -16.3363 -14.1741 -11.3112 -14.2344 -12.2897 -4.61643 -4.82639 -3.93469
1.92598 0.343961 -0.0175016 -0.469292 -0.940736 1.57891 -2.648 2.31716 0.793924 -0.0423888 -1.34838 -2.97268 1.9577 0.338321 -0.0190059 -1.55485 -2.98357 -0.0725988 -1.37419 -2.58759 -0.0390905 -0.475097 -0.815236
-0.00134849 -0.000789533 -0.000223252 0.000234855 7.39799e-05 -0.00115405 0.000349199 -0.00162598 -0.00073552 -0.000574002 -0.000270672 0.000363796 -0.00153147 -0.000366319 -0.000174703 -0.000200612 0.000380333 -0.000512557 -0.000185783 0.000308471 -0.000316134 -6.5223e-05 0.000196672
-5.0852 -1.74071 -1.65085 -1.57823 -1.54412 -4.31296 -4.20124 -5.92592 -4.27607 -4.13616 -4.61188 -4.66196 -5.14795 -1.77338 -1.85212 -5.21821 -4.66538 -3.91132 -4.6782 -4.16091 -1.58585 -1.64111 -1.39246
0.446534 0.0868148 0.00726817 -0.09184 -0.193966 0.38133 -0.53469 0.518681 0.205233 0.0185681 -0.255045 -0.586019 0.451875 0.0858706 0.0085493 -0.285119 -0.58725 0.0120134 -0.259132 -0.524268 0.00322213 -0.0925509 -0.173441
-0.000328036 -0.000159285 -4.66273e-05 5.77513e-05 3.40373e-05 -0.000292193 0.000134056 -0.000374535 -0.000179641 -0.00011222 -1.05744e-05 0.000151396 -0.00035661 -8.96268e-05 -3.55109e-05 7.25484e-06 0.000156477 -0.000112128 2.44794e-06 0.000138654 -6.51958e-05 1.25797e-06 6.69852e-05
