2.31393e-06 4.12811e-06 5.90125e-06 7.61824e-06 9.24292e-06 1.07374e-05 1.20677e-05 1.32048e-05 1.41277e-05 1.48284e-05 1.52612e-05
0.00419645 0.00720952 0.0100072 0.0126242 0.0150126 0.0171269 0.0189233 0.0203654 0.0214268 0.0221015 0.0224053
0.000253367 0.000379138 0.000485956 0.000581487 0.00066523 0.000736217 0.000793425 0.000836049 0.000863445 0.000875278 0.00091655
5.41885e-07 8.51563e-07 1.01154e-06 1.0032e-06 8.29224e-07 5.17601e-07 1.18199e-07 -3.05692e-07 -6.88797e-07 -9.78296e-07 -1.16048e-06
0.000921117 0.00142715 0.0016626 0.0016069 0.00127065 0.000712436 2.81911e-05 -0.000664589 -0.00124873 -0.00163425 -0.00181062
3.61374e-05 4.76339e-05 4.95456e-05 4.32124e-05 3.01004e-05 1.26052e-05 -6.32551e-06 -2.36425e-05 -3.66531e-05 -4.34366e-05 -4.66084e-05
2.65771e-08 3.62146e-08 2.97658e-08 1.03066e-08 -1.29275e-08 -2.91975e-08 -3.11142e-08 -1.80337e-08 3.90952e-09 2.52988e-08 3.95301e-08
0.000263491 0.00032677 0.000228083 2.00493e-05 -0.000197583 -0.000320417 -0.000289527 -0.000119351 0.000109864 0.00029407 0.000379051
5.05435e-06 4.7606e-06 2.10147e-06 -1.34124e-06 -3.93559e-06 -4.60205e-06 -3.22502e-06 -5.84098e-07 2.08093e-06 3.62802e-06 3.9943e-06
3.33527e-09 3.16189e-09 2.13194e-10 -3.0234e-09 -3.75123e-09 -1.38761e-09 2.00473e-09 3.51869e-09 1.88992e-09 -1.6107e-09 -4.78065e-09
