4.5143e-06 8.34551e-06 1.19021e-05 1.52409e-05 1.82746e-05 2.09477e-05 2.32008e-05 2.49878e-05 2.62788e-05 2.70731e-05 2.74919e-05
0.00506561 0.00892755 0.0125566 0.0159662 0.0190896 0.0218655 0.0242353 0.0261506 0.0275767 0.0285072 0.0290341
-0.000793343 -0.00138422 -0.00193919 -0.00246057 -0.00293848 -0.00336347 -0.00372651 -0.00402008 -0.00423871 -0.00438105 -0.00446056
9.66267e-07 1.6256e-06 1.95713e-06 1.93179e-06 1.55168e-06 8.88198e-07 6.0176e-08 -7.84117e-07 -1.49779e-06 -1.96958e-06 -2.20548e-06
0.00111204 0.00176511 0.00208529 0.0020377 0.00163244 0.000941315 8.4254e-05 -0.000790722 -0.00153555 -0.00203689 -0.00228671
-0.000135151 -0.000212971 -0.00025147 -0.000246208 -0.000197937 -0.000114786 -1.08696e-05 9.60164e-05 0.000187745 0.000250079 0.000281305
9.17679e-08 1.26845e-07 9.65644e-08 1.97514e-08 -6.57435e-08 -1.17566e-07 -1.10469e-07 -4.8079e-08 3.95656e-08 1.12381e-07 1.51605e-07
0.000308137 0.000394048 0.000285826 4.17598e-05 -0.000220052 -0.000373546 -0.000345487 -0.000149966 0.0001197 0.000340921 0.000450081
-2.69439e-05 -3.42131e-05 -2.47391e-05 -3.34091e-06 1.98661e-05 3.37626e-05 3.15683e-05 1.41413e-05 -1.04169e-05 -3.10022e-05 -4.14452e-05
1.77946e-08 1.74748e-08 1.44958e-09 -1.47212e-08 -1.66133e-08 -3.12758e-09 1.27074e-08 1.60828e-08 3.86228e-09 -1.3138e-08 -2.42129e-08
