2.82103e-06 5.09775e-06 7.28094e-06 9.37081e-06 1.13195e-05 1.30849e-05 1.46274e-05 1.59139e-05 1.69214e-05 1.76436e-05 1.81486e-05
0.00439676 0.00760452 0.0105933 0.0133925 0.01595 0.0182164 0.0201446 0.0216955 0.0228408 0.0235743 0.0239703
1.21415e-05 -2.62855e-05 -7.16219e-05 -0.00011793 -0.000163319 -0.000206364 -0.000245778 -0.000280451 -0.00030962 -0.000333233 -0.000352884
6.39688e-07 1.02953e-06 1.22894e-06 1.21669e-06 9.95329e-07 6.02807e-07 1.04858e-07 -4.15689e-07 -8.74796e-07 -1.20621e-06 -1.40719e-06
0.000965118 0.00150485 0.00175978 0.00170595 0.00135383 0.000765059 4.10808e-05 -0.000693589 -0.00131467 -0.00172682 -0.00192301
-3.33771e-06 -1.22832e-05 -1.96625e-05 -2.33298e-05 -2.23289e-05 -1.66839e-05 -7.37026e-06 3.86893e-06 1.49394e-05 2.40471e-05 3.08057e-05
4.1601e-08 5.70519e-08 4.51238e-08 1.24781e-08 -2.50707e-08 -4.95148e-08 -4.93591e-08 -2.49416e-08 1.21074e-08 4.53204e-08 6.59889e-08
0.00027378 0.000342238 0.000241359 2.50409e-05 -0.000202749 -0.000332632 -0.000302393 -0.00012639 0.000112125 0.000304842 0.00039582
-2.31999e-06 -4.20006e-06 -4.06959e-06 -1.801e-06 1.5368e-06 4.21857e-06 4.77451e-06 2.80149e-06 -7.92512e-07 -4.334e-06 -6.7331e-06
6.66756e-09 6.45264e-09 4.97459e-10 -5.71291e-09 -6.70841e-09 -1.78766e-09 4.46544e-09 6.40737e-09 2.34339e-09 -4.26101e-09 -9.36824e-09
