6.86538e-07 1.00374e-06 1.45561e-06 1.97114e-06 2.55197e-06 3.17331e-06 3.82001e-06 4.47559e-06 5.12579e-06 5.75711e-06 6.3708e-06
0.00355362 0.00593675 0.00811845 0.0101483 0.0119923 0.0136165 0.0149881 0.0160796 0.0168707 0.0173559 0.0175869
0.00102751 0.00168548 0.00228257 0.00283513 0.00333496 0.00377338 0.00414192 0.00443361 0.00464327 0.00476932 0.00482513
2.28012e-07 2.78135e-07 3.11015e-07 3.15271e-07 2.94003e-07 2.43052e-07 1.61183e-07 4.8739e-08 -8.94751e-08 -2.43926e-07 -4.00876e-07
0.000779909 0.00117677 0.00134947 0.00128775 0.00100262 0.000542875 -1.3342e-05 -0.000571146 -0.00103624 -0.00133596 -0.00146455
0.000162822 0.000240698 0.000272546 0.000257623 0.000199037 0.00010698 -2.95912e-06 -0.000112289 -0.000202894 -0.000260881 -0.000284966
-2.16379e-08 -3.09269e-08 -1.97206e-08 3.30961e-09 2.62001e-08 3.62685e-08 2.76743e-08 4.2247e-09 -2.25056e-08 -3.92143e-08 -4.19364e-08
0.000230471 0.000276928 0.000185305 3.9655e-06 -0.000180937 -0.000281057 -0.000248069 -9.66705e-05 0.000102577 0.000259361 0.000327421
2.87202e-05 3.36335e-05 2.19857e-05 1.40168e-07 -2.15686e-05 -3.30237e-05 -2.9001e-05 -1.14931e-05 1.13397e-05 2.92831e-05 3.70239e-05
-7.35878e-09 -7.4415e-09 -7.02757e-10 5.6427e-09 5.77735e-09 -9.85902e-11 -5.92409e-09 -5.78916e-09 4.28736e-10 6.92908e-09 9.34451e-09
