-18.5005 -67.2346 -78.8988 -76.4772 -62.4934 -20.7874 -20.1776 -23.5519 -26.6493 -25.4822 -25.2693 -22.3036 -20.9338 -70.1917 -70.897 -26.9449 -22.5541 -22.3268 -26.6055 -22.2779 -62.4569 -77.1097 -61.9044
0.0312876 0.161185 0.205716 0.192723 0.144619 0.0399371 0.0250836 0.00481222 0.000789778 -0.000661271 0.000700493 0.000951743 -0.0250604 -0.109075 -0.116676 -0.042125 -0.0342179 -0.0695381 -0.0878905 -0.0707853 -0.305209 -0.4115 -0.315907
0.15833 0.56821 0.66744 0.647878 0.533773 0.146665 0.143691 0.0565846 0.0583207 0.0562939 0.0565578 0.0543717 -0.0409305 -0.147591 -0.154085 -0.0590516 -0.0502326 -0.155607 -0.184252 -0.155971 -0.728617 -0.896648 -0.726307
-4.81187 -16.8626 -19.4964 -18.8242 -15.8368 -5.31149 -5.22256 -5.93685 -6.66916 -6.40318 -6.34186 -5.7062 -5.34333 -17.6492 -17.9501 -6.71147 -5.76833 -5.67707 -6.66315 -5.71096 -15.7728 -19.1797 -15.7864
0.00765133 0.0350985 0.042861 0.0408924 0.0326151 0.00936009 0.00633429 0.00182191 0.00121144 0.0011621 0.00111688 0.000772669 -0.00435343 -0.0189602 -0.020395 -0.00746052 -0.0062824 -0.0138533 -0.0168866 -0.0137961 -0.0603664 -0.0782615 -0.061593
0.044018 0.153735 0.176907 0.17079 0.143978 0.0403756 0.0396678 0.015219 0.0156243 0.0150262 0.0152138 0.0147863 -0.0115271 -0.0407488 -0.0424347 -0.0160658 -0.0139536 -0.0427822 -0.0497131 -0.0428337 -0.198631 -0.239957 -0.198261
-1.75563 -5.72692 -6.43924 -6.27307 -5.45512 -1.89541 -1.86733 -2.06232 -2.261 -2.18774 -2.17352 -1.99615 -1.89035 -5.88978 -5.96854 -2.26845 -2.00574 -1.97418 -2.24487 -1.98215 -5.35677 -6.27084 -5.35614
0.00122618 0.00497319 0.00588856 0.0056471 0.00466845 0.00140959 0.0010244 0.000398384 0.000337916 0.000316767 0.000323877 0.000277358 -0.000481507 -0.00202418 -0.00218019 -0.000793553 -0.000680996 -0.0016872 -0.00200326 -0.00169263 -0.00747396 -0.00939217 -0.00767333
0.0173678 0.0565687 0.0634232 0.0618234 0.0538479 0.0155978 0.0153388 0.00568103 0.00578857 0.00562893 0.00567183 0.00553459 -0.00470369 -0.0154163 -0.0159191 -0.00610074 -0.0054424 -0.0164393 -0.0185614 -0.0164638 -0.0746234 -0.0869443 -0.0745098
-0.743079 -2.24658 -2.43273 -2.3872 -2.17021 -0.7827 -0.77529 -0.82828 -0.883161 -0.862105 -0.858935 -0.810073 -0.776711 -2.28102 -2.30178 -0.882179 -0.810251 -0.798348 -0.874078 -0.801203 -2.11778 -2.36631 -2.11785
