0.00483343 0.00828407 0.011489 0.0144811 0.0172085 0.0196194 0.0216641 0.0233014 0.0245014 0.0252572 0.0256432
3.69513e-06 6.11093e-06 8.28538e-06 1.02505e-05 1.1984e-05 1.34602e-05 1.46536e-05 1.55439e-05 1.61174e-05 1.6373e-05 1.74343e-05
4.6867e-07 6.10489e-07 8.3426e-07 1.08101e-06 1.35551e-06 1.64672e-06 1.94724e-06 2.2479e-06 2.53871e-06 2.81073e-06 4.58752e-06
0.0011103 0.00171609 0.0019974 0.00192825 0.00152258 0.000851277 2.99595e-05 -0.000800134 -0.00149833 -0.00195695 -0.0021673
5.33444e-07 7.97313e-07 9.05598e-07 8.49064e-07 6.41118e-07 3.21299e-07 -5.14626e-08 -4.09203e-07 -6.87935e-07 -8.42188e-07 -9.34862e-07
1.55149e-07 1.7948e-07 1.91729e-07 1.82304e-07 1.55307e-07 1.09714e-07 4.56898e-08 -3.46832e-08 -1.24379e-07 -2.12116e-07 -4.24578e-07
0.000325525 0.000403056 0.000281286 2.47958e-05 -0.000243196 -0.000394202 -0.000355933 -0.000146485 0.00013515 0.000361025 0.00046499
3.49342e-08 3.95341e-08 2.40246e-08 -2.92346e-09 -2.7834e-08 -3.87541e-08 -3.09296e-08 -8.80077e-09 1.6485e-08 3.29605e-08 4.02151e-08
7.03868e-08 6.86989e-08 4.02917e-08 -3.55569e-09 -4.27816e-08 -6.22764e-08 -5.5252e-08 -2.50157e-08 1.64907e-08 5.33702e-08 1.06164e-07
0.000103939 8.2757e-05 -1.56591e-05 -0.000100208 -9.41748e-05 -2.9636e-06 9.07598e-05 0.00010201 2.00647e-05 -8.41542e-05 -0.000139823
