0.00490774 0.00842651 0.0116917 0.0147385 0.0175135 0.0199642 0.0220401 0.0236994 0.0249117 0.0256708 0.026056
-1.56017e-05 -3.20347e-05 -4.83201e-05 -6.39524e-05 -7.85372e-05 -9.17493e-05 -0.000103288 -0.000112905 -0.000120431 -0.000125854 -0.000129636
-4.0775e-05 -6.8876e-05 -9.47303e-05 -0.000118794 -0.000140652 -0.000159905 -0.000176164 -0.000189112 -0.000198516 -0.000204319 -0.000207143
0.00112411 0.00174129 0.00202818 0.00195848 0.0015461 0.000863339 2.8071e-05 -0.000815706 -0.00152467 -0.00198922 -0.00220128
-2.8696e-06 -5.22697e-06 -6.62878e-06 -6.82999e-06 -5.80783e-06 -3.7585e-06 -1.05079e-06 1.83913e-06 4.42468e-06 6.33504e-06 7.5451e-06
-1.00812e-05 -1.53955e-05 -1.77984e-05 -1.71148e-05 -1.34733e-05 -7.50377e-06 -2.25886e-07 7.1167e-06 1.32867e-05 1.73297e-05 1.91584e-05
0.000330689 0.000410236 0.000286578 2.55441e-05 -0.000247381 -0.000401204 -0.00036222 -0.000148866 0.000137975 0.000367924 0.000473863
-3.53834e-07 -5.46353e-07 -4.78828e-07 -1.91987e-07 1.67833e-07 4.23919e-07 4.56396e-07 2.57807e-07 -6.91725e-08 -3.75037e-07 -5.77872e-07
-3.22634e-06 -3.94696e-06 -2.72522e-06 -2.09591e-07 2.40963e-06 3.89062e-06 3.52968e-06 1.49221e-06 -1.27122e-06 -3.51475e-06 -4.57218e-06
0.000105665 8.44656e-05 -1.55115e-05 -0.000101604 -9.57103e-05 -3.17131e-06 9.20375e-05 0.00010351 2.03002e-05 -8.55303e-05 -0.000142141
