0.00481571 0.00825 0.0114405 0.0144195 0.0171356 0.0195369 0.0215741 0.0232062 0.0244032 0.0251583 0.0255482
8.29611e-06 1.52364e-05 2.18269e-05 2.80017e-05 3.36391e-05 3.86291e-05 4.28684e-05 4.62724e-05 4.87833e-05 5.03976e-05 5.12939e-05
1.03025e-05 1.72335e-05 2.36958e-05 2.97582e-05 3.53273e-05 4.0294e-05 4.45562e-05 4.80262e-05 5.06362e-05 5.23616e-05 5.33337e-05
0.00110701 0.00171007 0.00199004 0.00192102 0.00151696 0.000848391 3.04113e-05 -0.000796408 -0.00149203 -0.00194923 -0.00215947
1.34484e-06 2.23848e-06 2.70802e-06 2.68609e-06 2.18388e-06 1.2973e-06 1.87603e-07 -9.47063e-07 -1.91101e-06 -2.55917e-06 -2.88718e-06
2.59581e-06 3.90543e-06 4.49543e-06 4.32023e-06 3.41562e-06 1.93106e-06 1.10658e-07 -1.74548e-06 -3.33266e-06 -4.40859e-06 -4.93312e-06
0.000324293 0.000401338 0.00028002 2.46168e-05 -0.000242195 -0.000392527 -0.000354429 -0.000145916 0.000134474 0.000359374 0.000462947
1.27629e-07 1.79694e-07 1.4432e-07 4.23055e-08 -7.46426e-08 -1.49438e-07 -1.47511e-07 -7.25803e-08 3.69766e-08 1.30564e-07 1.82516e-07
8.56429e-07 1.02935e-06 7.01876e-07 4.57335e-08 -6.29462e-07 -1.00791e-06 -9.12862e-07 -3.87976e-07 3.24546e-07 9.06959e-07 1.18325e-06
0.000103527 8.23482e-05 -1.56944e-05 -9.98737e-05 -9.38075e-05 -2.91391e-06 9.04541e-05 0.000101651 2.00084e-05 -8.3825e-05 -0.000139289
