0.004736 0.00809711 0.011223 0.0141432 0.0168081 0.0191668 0.0211705 0.0227791 0.0239627 0.0247144 0.0251084
2.89956e-05 5.61809e-05 8.25859e-05 0.000107649 0.000130802 0.000151558 0.000169464 0.000184147 0.000195351 0.000203061 0.000208009
5.4544e-05 9.18185e-05 0.000126272 0.000158429 0.000187754 0.000213699 0.000235737 0.000253427 0.000266443 0.000274689 0.00027895
0.00109219 0.00168302 0.001957 0.00188858 0.00149172 0.000835444 3.24385e-05 -0.000779693 -0.00146377 -0.0019146 -0.00212325
4.99523e-06 8.7048e-06 1.07952e-05 1.09286e-05 9.10602e-06 5.67645e-06 1.26026e-06 -3.36037e-06 -7.39876e-06 -1.0263e-05 -1.19233e-05
1.35762e-05 2.06232e-05 2.38056e-05 2.28865e-05 1.80442e-05 1.01032e-05 4.02161e-07 -9.4216e-06 -1.77278e-05 -2.32376e-05 -2.58003e-05
0.000318753 0.00039363 0.000274339 2.38136e-05 -0.000237703 -0.000385012 -0.00034768 -0.00014336 0.000131442 0.000351968 0.000453492
5.44655e-07 8.08571e-07 6.8407e-07 2.45241e-07 -2.84667e-07 -6.46059e-07 -6.70594e-07 -3.5875e-07 1.28919e-07 5.68499e-07 8.41137e-07
4.39278e-06 5.33965e-06 3.67031e-06 2.66887e-07 -3.26182e-06 -5.25085e-06 -4.76084e-06 -2.01653e-06 1.70674e-06 4.73689e-06 6.1684e-06
0.000101676 8.05142e-05 -1.58528e-05 -9.83748e-05 -9.21594e-05 -2.69095e-06 8.90827e-05 0.000100041 1.97556e-05 -8.23479e-05 -0.000136819
