-1.68932 -2.3737 -400.76 -66.0605 -0.993264 -1.16408 -0.797948 -220.49 76.9417 77.0259 -0.620746 -0.679386 -0.413432 -0.454774 -1.08651 -0.822149 -0.187207 -1.61783 -0.545091 -0.213135 -0.453853 -0.225592
-0.962767 -1.1731 -242.057 -53.2625 -0.948766 -1.1958 -0.77271 -229.722 -253.209 -253.214 -0.34318 -0.305312 -0.305559 -0.265545 -1.12454 -0.560966 -0.217702 -2.26651 -0.791998 -0.747537 -0.761414 -0.84193
-0.00969241 -0.00372233 -16.1451 -7.13354 -0.232152 -0.248795 -0.166179 -94.1835 -167.434 -167.424 0.048419 0.0305781 0.0223292 -0.0367655 -0.105055 -0.0872628 -0.0876208 -0.781234 -0.252541 -0.359556 -0.28726 -0.375369
-0.663211 -0.798406 -163.139 -27.4913 -0.395152 -0.433752 -0.312474 -83.2908 31.539 31.5546 -0.198506 -0.207169 -0.160753 -0.134573 -0.381897 -0.302347 -0.0682566 -0.511145 -0.175893 -0.0735986 -0.112315 -0.0629279
-0.36448 -0.396059 -97.6184 -20.1288 -0.357749 -0.396785 -0.265767 -88.8541 -90.6374 -90.6342 -0.0987692 -0.0950017 -0.0925657 -0.0855493 -0.289622 -0.207947 -0.0757302 -0.677145 -0.233369 -0.232564 -0.246726 -0.24237
-0.0159046 -0.0169499 -6.33661 -2.17184 -0.0563942 -0.0608993 -0.043309 -20.1838 -35.3202 -35.3186 0.00233328 0.000833685 0.000734506 -0.00826858 -0.0285372 -0.0233643 -0.017446 -0.128609 -0.0470738 -0.0699761 -0.0633205 -0.068963
-0.151224 -0.165562 -35.3215 -6.2417 -0.0881506 -0.0924011 -0.0640888 -15.4132 8.45123 8.45263 -0.0416702 -0.0428282 -0.0365405 -0.0273138 -0.076495 -0.0666908 -0.0138146 -0.0744228 -0.0373225 -0.0107991 -0.0159178 -0.009786
-0.0888578 -0.0920316 -22.7733 -4.87631 -0.0874726 -0.0921826 -0.0620117 -20.321 -21.0572 -21.057 -0.0214839 -0.0211758 -0.0205189 -0.0198311 -0.061984 -0.0503123 -0.0182192 -0.111561 -0.0537944 -0.0541275 -0.057935 -0.0554574
-0.0752115 -0.0780465 -15.7531 -3.11925 -0.0462356 -0.0472865 -0.0323381 -7.35389 2.15618 2.15642 -0.019228 -0.0195477 -0.0178634 -0.0128877 -0.0365714 -0.0334873 -0.00735894 -0.0316979 -0.0201821 -0.0079413 -0.00910754 -0.007601
0.00837385 0.00871018 1.17157 -0.00843287 -0.0058456 -0.00613659 -0.0043075 -2.86464 -8.14639 -8.1463 0.00336822 0.00325 0.0029554 7.14003e-05 -0.000246163 -4.89463e-05 -0.00260408 -0.0152306 -0.00729315 -0.0141958 -0.0138586 -0.014173
