0.000223929 0.000548555 0.000967521 0.00145307 0.00198059 0.00252923 0.00308168 0.00362445 0.00414828 0.00464918 0.00497749
0.000258598 0.00064529 0.00115665 0.00175871 0.00242131 0.00311819 0.0038273 0.00453131 0.00521826 0.00588256 0.00652319
5.06975e-05 0.000119171 0.000205931 0.000304292 0.000409097 0.000516143 0.000622061 0.000724303 0.000821222 0.000912242 0.00105309
4.71769e-05 9.63177e-05 0.000139377 0.000164572 0.000164376 0.000136337 8.29293e-05 1.06271e-05 -7.17603e-05 -0.000155409 -0.000227486
4.69867e-05 9.72297e-05 0.000143009 0.000171542 0.000174328 0.000147947 9.40821e-05 1.8698e-05 -6.95649e-05 -0.00016167 -0.000250725
6.59994e-06 1.25608e-05 1.70771e-05 1.87856e-05 1.72599e-05 1.28713e-05 6.51614e-06 -7.28203e-07 -7.92434e-06 -1.44938e-05 -2.1817e-05
6.88816e-06 1.10468e-05 1.10096e-05 6.33084e-06 -1.11316e-06 -8.00546e-06 -1.11273e-05 -8.80711e-06 -1.617e-06 8.04057e-06 1.70181e-05
7.37741e-06 1.19668e-05 1.23411e-05 7.83527e-06 2.25228e-07 -7.15805e-06 -1.09606e-05 -9.28982e-06 -2.48368e-06 7.21079e-06 1.6999e-05
2.53851e-06 2.80653e-06 9.54549e-07 -1.57094e-06 -2.72449e-06 -1.59072e-06 8.29393e-07 2.44257e-06 1.78647e-06 -8.16761e-07 -3.63122e-06
6.25904e-07 1.04162e-06 1.13064e-06 7.63417e-07 4.80756e-08 -6.94265e-07 -1.08356e-06 -8.97252e-07 -2.01037e-07 7.09013e-07 1.61821e-06
