-9.88305e-05 -0.000274349 -0.000519408 -0.000821062 -0.00116768 -0.00154912 -0.00195631 -0.00238099 -0.00281538 -0.00325231 -0.00370871
-9.78514e-05 -0.000272362 -0.000516324 -0.000816783 -0.0011621 -0.00154215 -0.00194785 -0.00237096 -0.00280373 -0.00323903 -0.00369761
-9.68723e-05 -0.000270375 -0.000513241 -0.000812504 -0.00115653 -0.00153518 -0.00193939 -0.00236093 -0.00279208 -0.00322575 -0.00368651
-9.58932e-05 -0.000268388 -0.000510157 -0.000808225 -0.00115096 -0.00152821 -0.00193093 -0.0023509 -0.00278043 -0.00321246 -0.00367541
-9.49141e-05 -0.000266401 -0.000507074 -0.000803946 -0.00114538 -0.00152124 -0.00192247 -0.00234087 -0.00276879 -0.00319918 -0.00366431
-9.39349e-05 -0.000264414 -0.00050399 -0.000799667 -0.00113981 -0.00151427 -0.00191401 -0.00233084 -0.00275714 -0.0031859 -0.00365321
-9.29558e-05 -0.000262427 -0.000500906 -0.000795388 -0.00113423 -0.0015073 -0.00190555 -0.00232081 -0.00274549 -0.00317261 -0.00364212
-9.19767e-05 -0.00026044 -0.000497823 -0.000791108 -0.00112866 -0.00150033 -0.00189709 -0.00231079 -0.00273384 -0.00315933 -0.00363102
-9.09976e-05 -0.000258453 -0.000494739 -0.000786829 -0.00112308 -0.00149336 -0.00188863 -0.00230076 -0.00272219 -0.00314605 -0.00361992
-9.00184e-05 -0.000256466 -0.000491655 -0.00078255 -0.00111751 -0.00148639 -0.00188017 -0.00229073 -0.00271054 -0.00313276 -0.00360882
-8.90393e-05 -0.000254479 -0.000488572 -0.00077827 -0.00111193 -0.00147942 -0.00187171 -0.0022807 -0.00269889 -0.00311948 -0.00359772
-8.80601e-05 -0.000252492 -0.000485488 -0.000773991 -0.00110636 -0.00147245 -0.00186325 -0.00227067 -0.00268724 -0.00310619 -0.00358662
-8.7081e-05 -0.000250505 -0.000482404 -0.000769712 -0.00110079 -0.00146548 -0.00185479 -0.00226064 -0.0026756 -0.00309291 -0.00357552
-8.61018e-05 -0.000248518 -0.00047932 -0.000765432 -0.00109521 -0.00145851 -0.00184633 -0.00225061 -0.00266395 -0.00307962 -0.00356442
-8.51226e-05 -0.000246531 -0.000476236 -0.000761153 -0.00108964 -0.00145154 -0.00183787 -0.00224058 -0.0026523 -0.00306634 -0.00355332
-8.41435e-05 -0.000244544 -0.000473153 -0.000756873 -0.00108406 -0.00144457 -0.00182941 -0.00223055 -0.00264065 -0.00305305 -0.00354222
-8.31643e-05 -0.000242557 -0.000470069 -0.000752594 -0.00107849 -0.0014376 -0.00182094 -0.00222052 -0.002629 -0.00303977 -0.00353112
-8.21851e-05 -0.00024057 -0.000466985 -0.000748314 -0.00107291 -0.00143062 -0.00181248 -0.00221049 -0.00261735 -0.00302648 -0.00352002
-8.12059e-05 -0.000238583 -0.000463901 -0.000744035 -0.00106734 -0.00142365 -0.00180402 -0.00220046 -0.0026057 -0.0030132 -0.00350892
-8.02268e-05 -0.000236596 -0.000460817 -0.000739755 -0.00106176 -0.00141668 -0.00179556 -0.00219043 -0.00259405 -0.00299991 -0.00349782
-7.92476e-05 -0.000234609 -0.000457733 -0.000735475 -0.00105619 -0.00140971 -0.0017871 -0.0021804 -0.0025824 -0.00298663 -0.00348671
-7.82684e-05 -0.000232621 -0.000454649 -0.000731195 -0.00105061 -0.00140274 -0.00177864 -0.00217037 -0.00257075 -0.00297334 -0.00347561
-7.72892e-05 -0.000230634 -0.000451565 -0.000726916 -0.00104504 -0.00139577 -0.00177018 -0.00216034 -0.0025591 -0.00296006 -0.00346451
-7.631e-05 -0.000228647 -0.000448481 -0.000722636 -0.00103946 -0.0013888 -0.00176171 -0.0021503 -0.00254745 -0.00294677 -0.00345341
-7.53308e-05 -0.00022666 -0.000445397 -0.000718356 -0.00103389 -0.00138183 -0.00175325 -0.00214027 -0.00253579 -0.00293348 -0.00344231
-7.43516e-05 -0.000224673 -0.000442313 -0.000714076 -0.00102831 -0.00137486 -0.00174479 -0.00213024 -0.00252414 -0.0029202 -0.00343121
-7.33724e-05 -0.000222686 -0.000439229 -0.000709797 -0.00102274 -0.00136789 -0.00173633 -0.00212021 -0.00251249 -0.00290691 -0.00342011
-7.23932e-05 -0.000220698 -0.000436145 -0.000705517 -0.00101716 -0.00136091 -0.00172787 -0.00211018 -0.00250084 -0.00289363 -0.003409
-7.1414e-05 -0.000218711 -0.000433061 -0.000701237 -0.00101159 -0.00135394 -0.0017194 -0.00210015 -0.00248919 -0.00288034 -0.0033979
-7.04348e-05 -0.000216724 -0.000429977 -0.000696957 -0.00100601 -0.00134697 -0.00171094 -0.00209012 -0.00247754 -0.00286705 -0.0033868
-6.94556e-05 -0.000214737 -0.000426893 -0.000692677 -0.00100043 -0.00134 -0.00170248 -0.00208009 -0.00246589 -0.00285377 -0.0033757
-6.84764e-05 -0.00021275 -0.000423808 -0.000688397 -0.000994859 -0.00133303 -0.00169402 -0.00207006 -0.00245424 -0.00284048 -0.0033646
-6.74972e-05 -0.000210762 -0.000420724 -0.000684117 -0.000989284 -0.00132606 -0.00168556 -0.00206003 -0.00244259 -0.0028272 -0.0033535
-6.65179e-05 -0.000208775 -0.00041764 -0.000679837 -0.000983708 -0.00131908 -0.00167709 -0.00204999 -0.00243094 -0.00281391 -0.00334239
-6.55387e-05 -0.000206788 -0.000414556 -0.000675557 -0.000978133 -0.00131211 -0.00166863 -0.00203996 -0.00241929 -0.00280062 -0.00333129
-6.45595e-05 -0.000204801 -0.000411472 -0.000671277 -0.000972557 -0.00130514 -0.00166017 -0.00202993 -0.00240764 -0.00278734 -0.00332019
-6.35803e-05 -0.000202814 -0.000408388 -0.000666997 -0.000966982 -0.00129817 -0.00165171 -0.0020199 -0.00239598 -0.00277405 -0.00330909
-6.26011e-05 -0.000200826 -0.000405303 -0.000662717 -0.000961406 -0.0012912 -0.00164325 -0.00200987 -0.00238433 -0.00276076 -0.00329798
-6.16218e-05 -0.000198839 -0.000402219 -0.000658437 -0.000955831 -0.00128423 -0.00163478 -0.00199984 -0.00237268 -0.00274748 -0.00328688
-6.06426e-05 -0.000196852 -0.000399135 -0.000654157 -0.000950255 -0.00127726 -0.00162632 -0.00198981 -0.00236103 -0.00273419 -0.00327578
-5.96634e-05 -0.000194865 -0.000396051 -0.000649877 -0.000944679 -0.00127028 -0.00161786 -0.00197977 -0.00234938 -0.0027209 -0.00326468
-5.86842e-05 -0.000192877 -0.000392967 -0.000645597 -0.000939104 -0.00126331 -0.0016094 -0.00196974 -0.00233773 -0.00270762 -0.00325357
-5.77049e-05 -0.00019089 -0.000389882 -0.000641316 -0.000933528 -0.00125634 -0.00160093 -0.00195971 -0.00232608 -0.00269433 -0.00324247
-5.67257e-05 -0.000188903 -0.000386798 -0.000637036 -0.000927953 -0.00124937 -0.00159247 -0.00194968 -0.00231442 -0.00268104 -0.00323137
-5.57465e-05 -0.000186916 -0.000383714 -0.000632756 -0.000922377 -0.0012424 -0.00158401 -0.00193965 -0.00230277 -0.00266776 -0.00322027
-5.47673e-05 -0.000184928 -0.00038063 -0.000628476 -0.000916801 -0.00123542 -0.00157555 -0.00192962 -0.00229112 -0.00265447 -0.00320916
-5.3788e-05 -0.000182941 -0.000377546 -0.000624196 -0.000911226 -0.00122845 -0.00156708 -0.00191958 -0.00227947 -0.00264118 -0.00319806
-5.28088e-05 -0.000180954 -0.000374461 -0.000619916 -0.00090565 -0.00122148 -0.00155862 -0.00190955 -0.00226782 -0.00262789 -0.00318696
-5.18296e-05 -0.000178967 -0.000371377 -0.000615636 -0.000900074 -0.00121451 -0.00155016 -0.00189952 -0.00225617 -0.00261461 -0.00317586
-5.08504e-05 -0.000176979 -0.000368293 -0.000611356 -0.000894499 -0.00120754 -0.0015417 -0.00188949 -0.00224452 -0.00260132 -0.00316475
-4.98711e-05 -0.000174992 -0.000365209 -0.000607075 -0.000888923 -0.00120057 -0.00153323 -0.00187946 -0.00223287 -0.00258803 -0.00315365
-4.88919e-05 -0.000173005 -0.000362124 -0.000602795 -0.000883348 -0.00119359 -0.00152477 -0.00186943 -0.00222121 -0.00257475 -0.00314255
-4.79127e-05 -0.000171017 -0.00035904 -0.000598515 -0.000877772 -0.00118662 -0.00151631 -0.0018594 -0.00220956 -0.00256146 -0.00313145
-4.69335e-05 -0.00016903 -0.000355956 -0.000594235 -0.000872196 -0.00117965 -0.00150785 -0.00184936 -0.00219791 -0.00254817 -0.00312034
-4.59543e-05 -0.000167043 -0.000352872 -0.000589955 -0.000866621 -0.00117268 -0.00149938 -0.00183933 -0.00218626 -0.00253489 -0.00310924
-4.4975e-05 -0.000165056 -0.000349787 -0.000585675 -0.000861045 -0.00116571 -0.00149092 -0.0018293 -0.00217461 -0.0025216 -0.00309814
-4.39958e-05 -0.000163068 -0.000346703 -0.000581395 -0.000855469 -0.00115874 -0.00148246 -0.00181927 -0.00216296 -0.00250831 -0.00308704
-4.30166e-05 -0.000161081 -0.000343619 -0.000577114 -0.000849894 -0.00115176 -0.001474 -0.00180924 -0.00215131 -0.00249503 -0.00307593
-4.20374e-05 -0.000159094 -0.000340535 -0.000572834 -0.000844318 -0.00114479 -0.00146553 -0.00179921 -0.00213966 -0.00248174 -0.00306483
-4.10582e-05 -0.000157107 -0.00033745 -0.000568554 -0.000838743 -0.00113782 -0.00145707 -0.00178918 -0.002128 -0.00246846 -0.00305373
-4.0079e-05 -0.000155119 -0.000334366 -0.000564274 -0.000833167 -0.00113085 -0.00144861 -0.00177914 -0.00211635 -0.00245517 -0.00304263
-3.90998e-05 -0.000153132 -0.000331282 -0.000559994 -0.000827592 -0.00112388 -0.00144015 -0.00176911 -0.0021047 -0.00244188 -0.00303153
-3.81205e-05 -0.000151145 -0.000328198 -0.000555714 -0.000822016 -0.00111691 -0.00143169 -0.00175908 -0.00209305 -0.0024286 -0.00302042
-3.71413e-05 -0.000149158 -0.000325114 -0.000551434 -0.00081644 -0.00110993 -0.00142322 -0.00174905 -0.0020814 -0.00241531 -0.00300932
-3.61621e-05 -0.000147171 -0.00032203 -0.000547154 -0.000810865 -0.00110296 -0.00141476 -0.00173902 -0.00206975 -0.00240202 -0.00299822
-3.51829e-05 -0.000145183 -0.000318945 -0.000542874 -0.00080529 -0.00109599 -0.0014063 -0.00172899 -0.0020581 -0.00238874 -0.00298712
-3.42037e-05 -0.000143196 -0.000315861 -0.000538594 -0.000799714 -0.00108902 -0.00139784 -0.00171896 -0.00204645 -0.00237545 -0.00297602
-3.32246e-05 -0.000141209 -0.000312777 -0.000534314 -0.000794139 -0.00108205 -0.00138938 -0.00170893 -0.0020348 -0.00236217 -0.00296491
-3.22454e-05 -0.000139222 -0.000309693 -0.000530034 -0.000788563 -0.00107508 -0.00138091 -0.0016989 -0.00202315 -0.00234888 -0.00295381
-3.12662e-05 -0.000137235 -0.000306609 -0.000525754 -0.000782988 -0.00106811 -0.00137245 -0.00168887 -0.0020115 -0.0023356 -0.00294271
-3.0287e-05 -0.000135247 -0.000303525 -0.000521474 -0.000777413 -0.00106113 -0.00136399 -0.00167883 -0.00199985 -0.00232231 -0.00293161
-2.93078e-05 -0.00013326 -0.000300441 -0.000517194 -0.000771837 -0.00105416 -0.00135553 -0.0016688 -0.0019882 -0.00230902 -0.00292051
-2.83286e-05 -0.000131273 -0.000297357 -0.000512914 -0.000766262 -0.00104719 -0.00134707 -0.00165877 -0.00197655 -0.00229574 -0.00290941
-2.73495e-05 -0.000129286 -0.000294273 -0.000508635 -0.000760687 -0.00104022 -0.0013386 -0.00164874 -0.0019649 -0.00228245 -0.0028983
-2.63703e-05 -0.000127299 -0.000291188 -0.000504355 -0.000755112 -0.00103325 -0.00133014 -0.00163871 -0.00195325 -0.00226917 -0.0028872
-2.53911e-05 -0.000125312 -0.000288104 -0.000500075 -0.000749537 -0.00102628 -0.00132168 -0.00162868 -0.0019416 -0.00225588 -0.0028761
-2.4412e-05 -0.000123324 -0.00028502 -0.000495795 -0.000743961 -0.00101931 -0.00131322 -0.00161865 -0.00192995 -0.0022426 -0.002865
-2.34328e-05 -0.000121337 -0.000281936 -0.000491515 -0.000738386 -0.00101234 -0.00130476 -0.00160862 -0.0019183 -0.00222931 -0.0028539
-2.24536e-05 -0.00011935 -0.000278852 -0.000487236 -0.000732811 -0.00100537 -0.0012963 -0.00159859 -0.00190665 -0.00221603 -0.0028428
-2.14745e-05 -0.000117363 -0.000275769 -0.000482956 -0.000727236 -0.000998394 -0.00128784 -0.00158856 -0.001895 -0.00220274 -0.0028317
-2.04954e-05 -0.000115376 -0.000272685 -0.000478676 -0.000721661 -0.000991424 -0.00127938 -0.00157853 -0.00188335 -0.00218946 -0.0028206
-1.95162e-05 -0.000113389 -0.000269601 -0.000474397 -0.000716086 -0.000984453 -0.00127091 -0.0015685 -0.0018717 -0.00217618 -0.0028095
-1.85371e-05 -0.000111402 -0.000266517 -0.000470117 -0.000710512 -0.000977482 -0.00126245 -0.00155847 -0.00186005 -0.00216289 -0.0027984
-1.75579e-05 -0.000109415 -0.000263433 -0.000465838 -0.000704937 -0.000970512 -0.00125399 -0.00154844 -0.0018484 -0.00214961 -0.0027873
-1.65788e-05 -0.000107428 -0.000260349 -0.000461558 -0.000699362 -0.000963541 -0.00124553 -0.00153841 -0.00183675 -0.00213632 -0.0027762
-1.55997e-05 -0.000105441 -0.000257265 -0.000457279 -0.000693787 -0.000956571 -0.00123707 -0.00152838 -0.0018251 -0.00212304 -0.0027651
-1.46206e-05 -0.000103454 -0.000254181 -0.000452999 -0.000688213 -0.0009496 -0.00122861 -0.00151835 -0.00181346 -0.00210976 -0.002754
-1.36415e-05 -0.000101467 -0.000251098 -0.00044872 -0.000682638 -0.00094263 -0.00122015 -0.00150833 -0.00180181 -0.00209647 -0.0027429
-1.26624e-05 -9.94798e-05 -0.000248014 -0.00044444 -0.000677064 -0.00093566 -0.00121169 -0.0014983 -0.00179016 -0.00208319 -0.0027318
-1.16833e-05 -9.74929e-05 -0.00024493 -0.000440161 -0.000671489 -0.00092869 -0.00120323 -0.00148827 -0.00177851 -0.00206991 -0.0027207
-1.07042e-05 -9.55059e-05 -0.000241846 -0.000435882 -0.000665915 -0.000921719 -0.00119477 -0.00147824 -0.00176686 -0.00205663 -0.0027096
-9.72509e-06 -9.3519e-05 -0.000238763 -0.000431603 -0.00066034 -0.000914749 -0.00118631 -0.00146821 -0.00175522 -0.00204334 -0.00269851
-8.74601e-06 -9.1532e-05 -0.000235679 -0.000427323 -0.000654766 -0.00090778 -0.00117785 -0.00145818 -0.00174357 -0.00203006 -0.00268741
-7.76694e-06 -8.95451e-05 -0.000232595 -0.000423044 -0.000649192 -0.00090081 -0.00116939 -0.00144815 -0.00173192 -0.00201678 -0.00267631
-6.78787e-06 -8.75582e-05 -0.000229512 -0.000418765 -0.000643618 -0.00089384 -0.00116093 -0.00143812 -0.00172027 -0.0020035 -0.00266521
-5.80881e-06 -8.55713e-05 -0.000226428 -0.000414486 -0.000638044 -0.00088687 -0.00115247 -0.0014281 -0.00170863 -0.00199021 -0.00265411
-4.82975e-06 -8.35845e-05 -0.000223345 -0.000410207 -0.00063247 -0.000879901 -0.00114401 -0.00141807 -0.00169698 -0.00197693 -0.00264302
-3.85071e-06 -8.15976e-05 -0.000220261 -0.000405928 -0.000626896 -0.000872931 -0.00113555 -0.00140804 -0.00168533 -0.00196365 -0.00263192
-2.87166e-06 -7.96108e-05 -0.000217178 -0.000401649 -0.000621322 -0.000865962 -0.00112709 -0.00139801 -0.00167369 -0.00195037 -0.00262082
-1.89263e-06 -7.7624e-05 -0.000214094 -0.00039737 -0.000615748 -0.000858993 -0.00111863 -0.00138799 -0.00166204 -0.00193709 -0.00260972
-9.13602e-07 -7.56372e-05 -0.000211011 -0.000393091 -0.000610174 -0.000852024 -0.00111017 -0.00137796 -0.00165039 -0.00192381 -0.00259863
6.54183e-08 -7.36504e-05 -0.000207928 -0.000388813 -0.000604601 -0.000845055 -0.00110171 -0.00136793 -0.00163875 -0.00191053 -0.00258753
1.04443e-06 -7.16637e-05 -0.000204844 -0.000384534 -0.000599027 -0.000838086 -0.00109326 -0.0013579 -0.0016271 -0.00189725 -0.00257643
2.02344e-06 -6.96769e-05 -0.000201761 -0.000380255 -0.000593454 -0.000831117 -0.0010848 -0.00134788 -0.00161546 -0.00188397 -0.00256534
3.00243e-06 -6.76902e-05 -0.000198678 -0.000375977 -0.00058788 -0.000824148 -0.00107634 -0.00133785 -0.00160381 -0.00187069 -0.00255424
3.98142e-06 -6.57035e-05 -0.000195595 -0.000371698 -0.000582307 -0.000817179 -0.00106788 -0.00132782 -0.00159216 -0.00185741 -0.00254315
4.96041e-06 -6.37168e-05 -0.000192511 -0.00036742 -0.000576734 -0.000810211 -0.00105942 -0.0013178 -0.00158052 -0.00184413 -0.00253205
5.93938e-06 -6.17302e-05 -0.000189428 -0.000363141 -0.00057116 -0.000803243 -0.00105096 -0.00130777 -0.00156887 -0.00183085 -0.00252096
6.91835e-06 -5.97435e-05 -0.000186345 -0.000358863 -0.000565587 -0.000796274 -0.00104251 -0.00129775 -0.00155723 -0.00181757 -0.00250986
7.8973e-06 -5.77569e-05 -0.000183262 -0.000354585 -0.000560014 -0.000789306 -0.00103405 -0.00128772 -0.00154559 -0.00180429 -0.00249877
8.87625e-06 -5.57703e-05 -0.000180179 -0.000350306 -0.000554441 -0.000782338 -0.00102559 -0.00127769 -0.00153394 -0.00179101 -0.00248767
9.85519e-06 -5.37838e-05 -0.000177096 -0.000346028 -0.000548869 -0.00077537 -0.00101713 -0.00126767 -0.0015223 -0.00177773 -0.00247658
1.08341e-05 -5.17972e-05 -0.000174013 -0.00034175 -0.000543296 -0.000768402 -0.00100868 -0.00125764 -0.00151065 -0.00176446 -0.00246548
1.1813e-05 -4.98107e-05 -0.00017093 -0.000337472 -0.000537723 -0.000761435 -0.00100022 -0.00124762 -0.00149901 -0.00175118 -0.00245439
1.2792e-05 -4.78242e-05 -0.000167847 -0.000333194 -0.000532151 -0.000754467 -0.000991761 -0.00123759 -0.00148737 -0.0017379 -0.0024433
1.37709e-05 -4.58377e-05 -0.000164764 -0.000328916 -0.000526578 -0.0007475 -0.000983304 -0.00122757 -0.00147572 -0.00172463 -0.0024322
1.47498e-05 -4.38512e-05 -0.000161682 -0.000324638 -0.000521006 -0.000740532 -0.000974848 -0.00121755 -0.00146408 -0.00171135 -0.00242111
1.57286e-05 -4.18648e-05 -0.000158599 -0.000320361 -0.000515434 -0.000733565 -0.000966391 -0.00120752 -0.00145244 -0.00169807 -0.00241002
1.67075e-05 -3.98784e-05 -0.000155516 -0.000316083 -0.000509862 -0.000726598 -0.000957935 -0.0011975 -0.0014408 -0.0016848 -0.00239893
1.76864e-05 -3.7892e-05 -0.000152434 -0.000311805 -0.00050429 -0.000719631 -0.000949479 -0.00118747 -0.00142915 -0.00167152 -0.00238783
1.86652e-05 -3.59057e-05 -0.000149351 -0.000307528 -0.000498718 -0.000712665 -0.000941023 -0.00117745 -0.00141751 -0.00165824 -0.00237674
1.96441e-05 -3.39193e-05 -0.000146268 -0.00030325 -0.000493146 -0.000705698 -0.000932567 -0.00116743 -0.00140587 -0.00164497 -0.00236565
2.06229e-05 -3.1933e-05 -0.000143186 -0.000298973 -0.000487574 -0.000698731 -0.000924111 -0.0011574 -0.00139423 -0.00163169 -0.00235456
2.16018e-05 -2.99467e-05 -0.000140103 -0.000294695 -0.000482002 -0.000691765 -0.000915656 -0.00114738 -0.00138259 -0.00161842 -0.00234347
2.25806e-05 -2.79605e-05 -0.000137021 -0.000290418 -0.000476431 -0.000684799 -0.000907201 -0.00113736 -0.00137095 -0.00160514 -0.00233238
2.35594e-05 -2.59742e-05 -0.000133939 -0.000286141 -0.00047086 -0.000677833 -0.000898745 -0.00112734 -0.00135931 -0.00159187 -0.00232129
2.45382e-05 -2.3988e-05 -0.000130856 -0.000281864 -0.000465288 -0.000670867 -0.000890291 -0.00111731 -0.00134767 -0.0015786 -0.0023102
2.5517e-05 -2.20019e-05 -0.000127774 -0.000277587 -0.000459717 -0.000663901 -0.000881836 -0.00110729 -0.00133603 -0.00156532 -0.00229911
2.64957e-05 -2.00157e-05 -0.000124692 -0.00027331 -0.000454146 -0.000656936 -0.000873381 -0.00109727 -0.00132439 -0.00155205 -0.00228802
2.74745e-05 -1.80296e-05 -0.00012161 -0.000269033 -0.000448575 -0.00064997 -0.000864927 -0.00108725 -0.00131275 -0.00153878 -0.00227693
2.84533e-05 -1.60435e-05 -0.000118528 -0.000264756 -0.000443004 -0.000643005 -0.000856473 -0.00107723 -0.00130111 -0.00152551 -0.00226584
2.9432e-05 -1.40574e-05 -0.000115445 -0.00026048 -0.000437434 -0.00063604 -0.000848019 -0.00106721 -0.00128947 -0.00151223 -0.00225476
3.04107e-05 -1.20714e-05 -0.000112363 -0.000256203 -0.000431863 -0.000629075 -0.000839566 -0.00105719 -0.00127783 -0.00149896 -0.00224367
3.13895e-05 -1.00854e-05 -0.000109282 -0.000251926 -0.000426293 -0.00062211 -0.000831112 -0.00104716 -0.00126619 -0.00148569 -0.00223258
3.23682e-05 -8.09943e-06 -0.0001062 -0.00024765 -0.000420722 -0.000615146 -0.000822659 -0.00103714 -0.00125456 -0.00147242 -0.00222149
3.33469e-05 -6.11349e-06 -0.000103118 -0.000243374 -0.000415152 -0.000608181 -0.000814206 -0.00102712 -0.00124292 -0.00145915 -0.00221041
3.43255e-05 -4.12757e-06 -0.000100036 -0.000239097 -0.000409582 -0.000601217 -0.000805753 -0.00101711 -0.00123128 -0.00144588 -0.00219932
3.53042e-05 -2.14169e-06 -9.69543e-05 -0.000234821 -0.000404012 -0.000594253 -0.000797301 -0.00100709 -0.00121964 -0.00143261 -0.00218824
3.62829e-05 -1.55841e-07 -9.38726e-05 -0.000230545 -0.000398442 -0.000587289 -0.000788848 -0.000997067 -0.00120801 -0.00141934 -0.00217715
3.72615e-05 1.82998e-06 -9.0791e-05 -0.000226269 -0.000392873 -0.000580325 -0.000780396 -0.000987048 -0.00119637 -0.00140607 -0.00216607
3.82402e-05 3.81576e-06 -8.77095e-05 -0.000221993 -0.000387303 -0.000573362 -0.000771944 -0.000977029 -0.00118474 -0.0013928 -0.00215498
3.92188e-05 5.80152e-06 -8.4628e-05 -0.000217718 -0.000381734 -0.000566398 -0.000763492 -0.000967011 -0.0011731 -0.00137953 -0.0021439
4.01974e-05 7.78724e-06 -8.15466e-05 -0.000213442 -0.000376164 -0.000559435 -0.000755041 -0.000956993 -0.00116147 -0.00136626 -0.00213281
4.1176e-05 9.77293e-06 -7.84652e-05 -0.000209166 -0.000370595 -0.000552472 -0.00074659 -0.000946975 -0.00114983 -0.001353 -0.00212173
4.21546e-05 1.17586e-05 -7.53839e-05 -0.000204891 -0.000365026 -0.000545509 -0.000738139 -0.000936958 -0.0011382 -0.00133973 -0.00211065
4.31331e-05 1.37442e-05 -7.23027e-05 -0.000200615 -0.000359457 -0.000538547 -0.000729688 -0.00092694 -0.00112656 -0.00132646 -0.00209956
4.41117e-05 1.57298e-05 -6.92215e-05 -0.00019634 -0.000353889 -0.000531584 -0.000721238 -0.000916924 -0.00111493 -0.0013132 -0.00208848
4.50903e-05 1.77153e-05 -6.61404e-05 -0.000192065 -0.00034832 -0.000524622 -0.000712787 -0.000906907 -0.00110329 -0.00129993 -0.0020774
4.60688e-05 1.97009e-05 -6.30593e-05 -0.00018779 -0.000342752 -0.00051766 -0.000704337 -0.000896891 -0.00109166 -0.00128666 -0.00206632
4.70473e-05 2.16863e-05 -5.99783e-05 -0.000183515 -0.000337183 -0.000510698 -0.000695887 -0.000886875 -0.00108003 -0.0012734 -0.00205524
4.80258e-05 2.36718e-05 -5.68974e-05 -0.00017924 -0.000331615 -0.000503736 -0.000687438 -0.000876859 -0.0010684 -0.00126013 -0.00204416
4.90043e-05 2.56572e-05 -5.38166e-05 -0.000174965 -0.000326047 -0.000496775 -0.000678989 -0.000866844 -0.00105676 -0.00124687 -0.00203307
4.99828e-05 2.76426e-05 -5.07358e-05 -0.00017069 -0.00032048 -0.000489814 -0.00067054 -0.000856829 -0.00104513 -0.00123361 -0.002022
5.09612e-05 2.96279e-05 -4.76551e-05 -0.000166416 -0.000314912 -0.000482853 -0.000662091 -0.000846814 -0.0010335 -0.00122034 -0.00201092
5.19397e-05 3.16132e-05 -4.45744e-05 -0.000162141 -0.000309344 -0.000475892 -0.000653642 -0.000836799 -0.00102187 -0.00120708 -0.00199984
5.29181e-05 3.35985e-05 -4.14938e-05 -0.000157867 -0.000303777 -0.000468931 -0.000645194 -0.000826785 -0.00101024 -0.00119382 -0.00198876
5.38966e-05 3.55837e-05 -3.84133e-05 -0.000153593 -0.00029821 -0.000461971 -0.000636746 -0.000816772 -0.000998609 -0.00118055 -0.00197768
5.4875e-05 3.75689e-05 -3.53329e-05 -0.000149318 -0.000292643 -0.000455011 -0.000628299 -0.000806758 -0.000986979 -0.00116729 -0.0019666
5.58534e-05 3.95541e-05 -3.22525e-05 -0.000145044 -0.000287076 -0.000448051 -0.000619851 -0.000796745 -0.00097535 -0.00115403 -0.00195553
5.68317e-05 4.15392e-05 -2.91722e-05 -0.000140771 -0.000281509 -0.000441091 -0.000611404 -0.000786732 -0.000963721 -0.00114077 -0.00194445
5.78101e-05 4.35242e-05 -2.6092e-05 -0.000136497 -0.000275942 -0.000434131 -0.000602957 -0.00077672 -0.000952092 -0.00112751 -0.00193337
5.87884e-05 4.55093e-05 -2.30119e-05 -0.000132223 -0.000270376 -0.000427172 -0.00059451 -0.000766708 -0.000940464 -0.00111425 -0.0019223
5.97668e-05 4.74943e-05 -1.99318e-05 -0.000127949 -0.00026481 -0.000420213 -0.000586064 -0.000756696 -0.000928836 -0.00110099 -0.00191122
6.07451e-05 4.94792e-05 -1.68518e-05 -0.000123676 -0.000259244 -0.000413254 -0.000577618 -0.000746685 -0.000917209 -0.00108773 -0.00190015
6.17234e-05 5.14641e-05 -1.37719e-05 -0.000119403 -0.000253678 -0.000406295 -0.000569172 -0.000736673 -0.000905582 -0.00107447 -0.00188907
6.27017e-05 5.3449e-05 -1.0692e-05 -0.000115129 -0.000248112 -0.000399336 -0.000560727 -0.000726663 -0.000893955 -0.00106121 -0.001878
6.36799e-05 5.54338e-05 -7.61223e-06 -0.000110856 -0.000242547 -0.000392378 -0.000552282 -0.000716652 -0.000882329 -0.00104796 -0.00186693
6.46582e-05 5.74186e-05 -4.53253e-06 -0.000106583 -0.000236981 -0.00038542 -0.000543837 -0.000706642 -0.000870703 -0.0010347 -0.00185585
6.56364e-05 5.94034e-05 -1.45291e-06 -0.000102311 -0.000231416 -0.000378462 -0.000535392 -0.000696633 -0.000859078 -0.00102144 -0.00184478
6.66147e-05 6.13881e-05 1.62664e-06 -9.80378e-05 -0.000225851 -0.000371505 -0.000526948 -0.000686623 -0.000847453 -0.00100819 -0.00183371
6.75929e-05 6.33728e-05 4.7061e-06 -9.37652e-05 -0.000220286 -0.000364548 -0.000518504 -0.000676614 -0.000835828 -0.00099493 -0.00182264
6.85711e-05 6.53574e-05 7.78549e-06 -8.94927e-05 -0.000214721 -0.000357591 -0.00051006 -0.000666606 -0.000824204 -0.000981675 -0.00181157
6.95492e-05 6.7342e-05 1.08648e-05 -8.52203e-05 -0.000209157 -0.000350634 -0.000501617 -0.000656598 -0.000812581 -0.00096842 -0.0018005
7.05274e-05 6.93265e-05 1.3944e-05 -8.09481e-05 -0.000203593 -0.000343677 -0.000493174 -0.00064659 -0.000800958 -0.000955166 -0.00178943
7.15055e-05 7.1311e-05 1.70232e-05 -7.6676e-05 -0.000198028 -0.000336721 -0.000484731 -0.000636582 -0.000789335 -0.000941912 -0.00177836
7.24836e-05 7.32954e-05 2.01022e-05 -7.2404e-05 -0.000192464 -0.000329765 -0.000476288 -0.000626575 -0.000777713 -0.000928659 -0.00176729
7.34618e-05 7.52798e-05 2.31812e-05 -6.81322e-05 -0.000186901 -0.000322809 -0.000467846 -0.000616569 -0.000766091 -0.000915407 -0.00175622
7.44398e-05 7.72642e-05 2.62601e-05 -6.38605e-05 -0.000181337 -0.000315853 -0.000459405 -0.000606562 -0.000754469 -0.000902155 -0.00174515
7.54179e-05 7.92485e-05 2.93389e-05 -5.95889e-05 -0.000175774 -0.000308898 -0.000450963 -0.000596556 -0.000742848 -0.000888903 -0.00173409
7.6396e-05 8.12328e-05 3.24176e-05 -5.53175e-05 -0.000170211 -0.000301943 -0.000442522 -0.000586551 -0.000731228 -0.000875652 -0.00172302
7.7374e-05 8.3217e-05 3.54963e-05 -5.10462e-05 -0.000164648 -0.000294988 -0.000434081 -0.000576546 -0.000719608 -0.000862401 -0.00171195
7.8352e-05 8.52012e-05 3.85748e-05 -4.6775e-05 -0.000159085 -0.000288033 -0.00042564 -0.000566541 -0.000707988 -0.000849151 -0.00170089
7.933e-05 8.71853e-05 4.16533e-05 -4.2504e-05 -0.000153522 -0.000281079 -0.0004172 -0.000556537 -0.000696369 -0.000835902 -0.00168982
8.0308e-05 8.91694e-05 4.47317e-05 -3.82331e-05 -0.00014796 -0.000274125 -0.00040876 -0.000546533 -0.000684751 -0.000822653 -0.00167876
8.1286e-05 9.11534e-05 4.78099e-05 -3.39623e-05 -0.000142397 -0.000267171 -0.000400321 -0.000536529 -0.000673133 -0.000809405 -0.00166769
8.22639e-05 9.31374e-05 5.08882e-05 -2.96917e-05 -0.000136835 -0.000260218 -0.000391882 -0.000526526 -0.000661515 -0.000796157 -0.00165663
8.32418e-05 9.51213e-05 5.39663e-05 -2.54212e-05 -0.000131274 -0.000253264 -0.000383443 -0.000516523 -0.000649898 -0.00078291 -0.00164557
8.42198e-05 9.71052e-05 5.70443e-05 -2.11509e-05 -0.000125712 -0.000246311 -0.000375004 -0.000506521 -0.000638281 -0.000769663 -0.00163451
8.51976e-05 9.9089e-05 6.01222e-05 -1.68807e-05 -0.000120151 -0.000239359 -0.000366566 -0.000496519 -0.000626665 -0.000756417 -0.00162345
8.61755e-05 0.000101073 6.32001e-05 -1.26106e-05 -0.000114589 -0.000232406 -0.000358128 -0.000486518 -0.00061505 -0.000743172 -0.00161238
8.71534e-05 0.000103057 6.62778e-05 -8.34072e-06 -0.000109028 -0.000225454 -0.000349691 -0.000476517 -0.000603434 -0.000729927 -0.00160132
8.81312e-05 0.00010504 6.93555e-05 -4.07096e-06 -0.000103468 -0.000218502 -0.000341253 -0.000466516 -0.00059182 -0.000716682 -0.00159026
8.9109e-05 0.000107024 7.2433e-05 1.98647e-07 -9.7907e-05 -0.00021155 -0.000332817 -0.000456516 -0.000580206 -0.000703439 -0.00157921
9.00868e-05 0.000109007 7.55105e-05 4.46811e-06 -9.23466e-05 -0.000204599 -0.00032438 -0.000446516 -0.000568592 -0.000690196 -0.00156815
9.10646e-05 0.000110991 7.85879e-05 8.73743e-06 -8.67864e-05 -0.000197648 -0.000315944 -0.000436517 -0.000556979 -0.000676953 -0.00155709
9.20424e-05 0.000112975 8.16652e-05 1.30066e-05 -8.12265e-05 -0.000190697 -0.000307508 -0.000426518 -0.000545366 -0.000663711 -0.00154603
9.30201e-05 0.000114958 8.47423e-05 1.72756e-05 -7.56667e-05 -0.000183747 -0.000299073 -0.00041652 -0.000533754 -0.00065047 -0.00153498
9.39978e-05 0.000116941 8.78194e-05 2.15445e-05 -7.01072e-05 -0.000176797 -0.000290638 -0.000406522 -0.000522143 -0.000637229 -0.00152392
9.49755e-05 0.000118925 9.08964e-05 2.58132e-05 -6.45479e-05 -0.000169847 -0.000282203 -0.000396524 -0.000510532 -0.000623989 -0.00151286
9.59532e-05 0.000120908 9.39733e-05 3.00817e-05 -5.89888e-05 -0.000162897 -0.000273769 -0.000386527 -0.000498921 -0.000610749 -0.00150181
9.69309e-05 0.000122891 9.70501e-05 3.43501e-05 -5.343e-05 -0.000155948 -0.000265335 -0.000376531 -0.000487311 -0.00059751 -0.00149075
9.79085e-05 0.000124874 0.000100127 3.86184e-05 -4.78713e-05 -0.000148999 -0.000256902 -0.000366534 -0.000475702 -0.000584272 -0.0014797
9.88861e-05 0.000126857 0.000103203 4.28865e-05 -4.23129e-05 -0.00014205 -0.000248469 -0.000356539 -0.000464093 -0.000571034 -0.00146865
9.98637e-05 0.000128841 0.00010628 4.71544e-05 -3.67547e-05 -0.000135102 -0.000240036 -0.000346543 -0.000452485 -0.000557797 -0.0014576
0.000100841 0.000130824 0.000109356 5.14222e-05 -3.11968e-05 -0.000128153 -0.000231603 -0.000336549 -0.000440877 -0.000544561 -0.00144654
0.000101819 0.000132807 0.000112433 5.56898e-05 -2.5639e-05 -0.000121206 -0.000223171 -0.000326554 -0.00042927 -0.000531325 -0.00143549
0.000102796 0.000134789 0.000115509 5.99572e-05 -2.00815e-05 -0.000114258 -0.00021474 -0.00031656 -0.000417663 -0.00051809 -0.00142444
0.000103774 0.000136772 0.000118585 6.42245e-05 -1.45242e-05 -0.000107311 -0.000206309 -0.000306567 -0.000406057 -0.000504855 -0.00141339
0.000104751 0.000138755 0.000121661 6.84916e-05 -8.96721e-06 -0.000100364 -0.000197878 -0.000296574 -0.000394451 -0.000491621 -0.00140234
0.000105729 0.000140738 0.000124737 7.27586e-05 -3.4104e-06 -9.34174e-05 -0.000189447 -0.000286582 -0.000382846 -0.000478388 -0.0013913
0.000106706 0.00014272 0.000127812 7.70254e-05 2.14617e-06 -8.64711e-05 -0.000181017 -0.00027659 -0.000371242 -0.000465155 -0.00138025
0.000107684 0.000144703 0.000130888 8.1292e-05 7.7025e-06 -7.95252e-05 -0.000172588 -0.000266598 -0.000359638 -0.000451923 -0.0013692
0.000108661 0.000146686 0.000133964 8.55584e-05 1.32586e-05 -7.25795e-05 -0.000164158 -0.000256607 -0.000348035 -0.000438692 -0.00135816
0.000109639 0.000148668 0.000137039 8.98247e-05 1.88144e-05 -6.56342e-05 -0.00015573 -0.000246617 -0.000336432 -0.000425462 -0.00134711
0.000110616 0.000150651 0.000140115 9.40908e-05 2.43701e-05 -5.86892e-05 -0.000147301 -0.000236627 -0.00032483 -0.000412232 -0.00133607
0.000111593 0.000152633 0.00014319 9.83568e-05 2.99254e-05 -5.17445e-05 -0.000138873 -0.000226638 -0.000313228 -0.000399002 -0.00132502
0.000112571 0.000154615 0.000146265 0.000102623 3.54805e-05 -4.48002e-05 -0.000130446 -0.000216649 -0.000301627 -0.000385774 -0.00131398
0.000113548 0.000156598 0.00014934 0.000106888 4.10354e-05 -3.78561e-05 -0.000122018 -0.00020666 -0.000290027 -0.000372546 -0.00130293
0.000114525 0.00015858 0.000152415 0.000111154 4.65901e-05 -3.09124e-05 -0.000113592 -0.000196672 -0.000278427 -0.000359319 -0.00129189
0.000115502 0.000160562 0.00015549 0.000115419 5.21444e-05 -2.39691e-05 -0.000105165 -0.000186685 -0.000266828 -0.000346092 -0.00128085
0.00011648 0.000162544 0.000158564 0.000119684 5.76986e-05 -1.7026e-05 -9.67394e-05 -0.000176698 -0.00025523 -0.000332866 -0.00126981
0.000117457 0.000164526 0.000161639 0.000123949 6.32524e-05 -1.00833e-05 -8.83139e-05 -0.000166711 -0.000243632 -0.000319641 -0.00125877
0.000118434 0.000166508 0.000164713 0.000128214 6.88061e-05 -3.14099e-06 -7.98888e-05 -0.000156725 -0.000232034 -0.000306417 -0.00124773
0.000119411 0.00016849 0.000167788 0.000132478 7.43594e-05 3.80104e-06 -7.14641e-05 -0.00014674 -0.000220438 -0.000293193 -0.00123669
0.000120388 0.000170472 0.000170862 0.000136742 7.99126e-05 1.07427e-05 -6.30399e-05 -0.000136755 -0.000208842 -0.00027997 -0.00122565
0.000121365 0.000172454 0.000173936 0.000141007 8.54654e-05 1.76841e-05 -5.46161e-05 -0.000126771 -0.000197246 -0.000266748 -0.00121462
0.000122343 0.000174435 0.00017701 0.000145271 9.1018e-05 2.46251e-05 -4.61928e-05 -0.000116787 -0.000185651 -0.000253526 -0.00120358
0.00012332 0.000176417 0.000180084 0.000149534 9.65704e-05 3.15657e-05 -3.77699e-05 -0.000106804 -0.000174057 -0.000240306 -0.00119255
0.000124297 0.000178399 0.000183158 0.000153798 0.000102122 3.8506e-05 -2.93474e-05 -9.68209e-05 -0.000162463 -0.000227085 -0.00118151
0.000125274 0.00018038 0.000186231 0.000158062 0.000107674 4.5446e-05 -2.09253e-05 -8.68387e-05 -0.00015087 -0.000213866 -0.00117048
0.000126251 0.000182362 0.000189305 0.000162325 0.000113226 5.23855e-05 -1.25038e-05 -7.6857e-05 -0.000139278 -0.000200647 -0.00115944
0.000127228 0.000184343 0.000192378 0.000166588 0.000118777 5.93248e-05 -4.08261e-06 -6.68759e-05 -0.000127686 -0.00018743 -0.00114841
0.000128205 0.000186324 0.000195452 0.000170851 0.000124328 6.62637e-05 4.33809e-06 -5.68953e-05 -0.000116095 -0.000174212 -0.00113738
0.000129182 0.000188306 0.000198525 0.000175114 0.000129879 7.32022e-05 1.27583e-05 -4.69153e-05 -0.000104505 -0.000160996 -0.00112635
0.000130158 0.000190287 0.000201598 0.000179376 0.000135429 8.01404e-05 2.11781e-05 -3.69358e-05 -9.29153e-05 -0.00014778 -0.00111532
0.000131135 0.000192268 0.000204671 0.000183638 0.00014098 8.70782e-05 2.95974e-05 -2.69569e-05 -8.13262e-05 -0.000134565 -0.00110429
0.000132112 0.000194249 0.000207744 0.0001879 0.000146529 9.40156e-05 3.80163e-05 -1.69785e-05 -6.97378e-05 -0.000121351 -0.00109326
0.000133089 0.00019623 0.000210816 0.000192162 0.000152079 0.000100953 4.64347e-05 -7.0007e-06 -5.81501e-05 -0.000108138 -0.00108223
0.000134066 0.000198211 0.000213889 0.000196424 0.000157628 0.000107889 5.48527e-05 2.97654e-06 -4.6563e-05 -9.49252e-05 -0.0010712
0.000135043 0.000200192 0.000216961 0.000200686 0.000163178 0.000114826 6.32701e-05 1.29532e-05 -3.49766e-05 -8.17133e-05 -0.00106018
0.000136019 0.000202173 0.000220034 0.000204947 0.000168726 0.000121762 7.16872e-05 2.29293e-05 -2.33908e-05 -6.85022e-05 -0.00104915
0.000136996 0.000204154 0.000223106 0.000209208 0.000174275 0.000128697 8.01037e-05 3.29048e-05 -1.18057e-05 -5.52919e-05 -0.00103813
0.000137973 0.000206134 0.000226178 0.000213469 0.000179823 0.000135633 8.85198e-05 4.28798e-05 -2.21335e-07 -4.20823e-05 -0.0010271
0.000138949 0.000208115 0.00022925 0.00021773 0.000185371 0.000142567 9.69353e-05 5.28542e-05 1.13624e-05 -2.88736e-05 -0.00101608
0.000139926 0.000210096 0.000232322 0.00022199 0.000190919 0.000149502 0.00010535 6.28279e-05 2.29454e-05 -1.56656e-05 -0.00100506
0.000140903 0.000212076 0.000235393 0.000226251 0.000196466 0.000156436 0.000113765 7.28011e-05 3.45277e-05 -2.45847e-06 -0.000994037
0.000141879 0.000214056 0.000238465 0.000230511 0.000202013 0.00016337 0.000122179 8.27738e-05 4.61094e-05 1.07479e-05 -0.000983017
0.000142856 0.000216037 0.000241536 0.000234771 0.00020756 0.000170303 0.000130593 9.27458e-05 5.76903e-05 2.39535e-05 -0.000971997
0.000143832 0.000218017 0.000244608 0.000239031 0.000213107 0.000177236 0.000139006 0.000102717 6.92706e-05 3.71582e-05 -0.000960978
0.000144809 0.000219997 0.000247679 0.00024329 0.000218653 0.000184168 0.000147419 0.000112688 8.08501e-05 5.03622e-05 -0.00094996
0.000145785 0.000221977 0.00025075 0.00024755 0.000224199 0.000191101 0.000155831 0.000122658 9.2429e-05 6.35653e-05 -0.000938942
0.000146762 0.000223957 0.000253821 0.000251809 0.000229745 0.000198032 0.000164243 0.000132628 0.000104007 7.67677e-05 -0.000927926
0.000147738 0.000225937 0.000256892 0.000256068 0.00023529 0.000204964 0.000172654 0.000142597 0.000115585 8.99692e-05 -0.00091691
0.000148715 0.000227917 0.000259962 0.000260326 0.000240835 0.000211895 0.000181064 0.000152565 0.000127161 0.00010317 -0.000905895
0.000149691 0.000229897 0.000263033 0.000264585 0.00024638 0.000218825 0.000189475 0.000162533 0.000138737 0.00011637 -0.000894881
0.000150667 0.000231877 0.000266103 0.000268843 0.000251924 0.000225755 0.000197884 0.0001725 0.000150312 0.000129569 -0.000883868
0.000151644 0.000233857 0.000269173 0.000273101 0.000257468 0.000232685 0.000206294 0.000182467 0.000161887 0.000142767 -0.000872856
0.00015262 0.000235836 0.000272243 0.000277359 0.000263012 0.000239615 0.000214702 0.000192433 0.000173461 0.000155964 -0.000861844
0.000153596 0.000237816 0.000275313 0.000281617 0.000268556 0.000246544 0.00022311 0.000202398 0.000185034 0.000169161 -0.000850834
0.000154573 0.000239795 0.000278383 0.000285874 0.000274099 0.000253472 0.000231518 0.000212363 0.000196606 0.000182356 -0.000839824
0.000155549 0.000241775 0.000281453 0.000290131 0.000279642 0.0002604 0.000239925 0.000222327 0.000208178 0.000195551 -0.000828815
0.000156525 0.000243754 0.000284522 0.000294388 0.000285185 0.000267328 0.000248332 0.000232291 0.000219749 0.000208745 -0.000817808
0.000157501 0.000245733 0.000287592 0.000298645 0.000290727 0.000274255 0.000256738 0.000242253 0.000231319 0.000221938 -0.000806801
0.000158477 0.000247713 0.000290661 0.000302902 0.000296269 0.000281182 0.000265143 0.000252216 0.000242888 0.00023513 -0.000795794
0.000159453 0.000249692 0.00029373 0.000307158 0.000301811 0.000288109 0.000273548 0.000262177 0.000254457 0.000248322 -0.000784789
0.000160429 0.000251671 0.000296799 0.000311414 0.000307352 0.000295035 0.000281953 0.000272138 0.000266024 0.000261512 -0.000773785
0.000161406 0.00025365 0.000299868 0.00031567 0.000312893 0.00030196 0.000290357 0.000282098 0.000277592 0.000274702 -0.000762781
0.000162382 0.000255629 0.000302937 0.000319926 0.000318434 0.000308886 0.00029876 0.000292058 0.000289158 0.000287891 -0.000751779
0.000163358 0.000257607 0.000306005 0.000324181 0.000323974 0.00031581 0.000307163 0.000302017 0.000300723 0.000301078 -0.000740777
0.000164334 0.000259586 0.000309074 0.000328436 0.000329514 0.000322735 0.000315565 0.000311975 0.000312288 0.000314265 -0.000729777
0.000165309 0.000261565 0.000312142 0.000332691 0.000335054 0.000329659 0.000323967 0.000321933 0.000323852 0.000327452 -0.000718777
0.000166285 0.000263543 0.00031521 0.000336946 0.000340593 0.000336582 0.000332369 0.00033189 0.000335415 0.000340637 -0.000707778
0.000167261 0.000265522 0.000318278 0.000341201 0.000346132 0.000343505 0.000340769 0.000341846 0.000346978 0.000353821 -0.00069678
0.000168237 0.0002675 0.000321346 0.000345455 0.000351671 0.000350428 0.000349169 0.000351802 0.000358539 0.000367004 -0.000685783
0.000169213 0.000269479 0.000324414 0.000349709 0.00035721 0.00035735 0.000357569 0.000361757 0.0003701 0.000380187 -0.000674787
0.000170189 0.000271457 0.000327481 0.000353963 0.000362748 0.000364272 0.000365968 0.000371711 0.00038166 0.000393368 -0.000663792
0.000171164 0.000273435 0.000330549 0.000358216 0.000368286 0.000371193 0.000374367 0.000381665 0.00039322 0.000406549 -0.000652798
0.00017214 0.000275413 0.000333616 0.00036247 0.000373823 0.000378114 0.000382765 0.000391617 0.000404778 0.000419729 -0.000641804
0.000173116 0.000277391 0.000336683 0.000366723 0.00037936 0.000385035 0.000391162 0.00040157 0.000416336 0.000432908 -0.000630812
0.000174092 0.000279369 0.00033975 0.000370976 0.000384897 0.000391955 0.000399559 0.000411521 0.000427893 0.000446085 -0.000619821
0.000175067 0.000281347 0.000342817 0.000375229 0.000390434 0.000398874 0.000407955 0.000421472 0.000439449 0.000459262 -0.00060883
0.000176043 0.000283325 0.000345884 0.000379481 0.00039597 0.000405793 0.000416351 0.000431422 0.000451004 0.000472438 -0.000597841
0.000177018 0.000285303 0.00034895 0.000383733 0.000401505 0.000412712 0.000424746 0.000441372 0.000462558 0.000485613 -0.000586852
0.000177994 0.00028728 0.000352017 0.000387985 0.000407041 0.00041963 0.000433141 0.000451321 0.000474112 0.000498788 -0.000575865
0.000178969 0.000289258 0.000355083 0.000392237 0.000412576 0.000426548 0.000441535 0.000461269 0.000485665 0.000511961 -0.000564878
0.000179945 0.000291235 0.000358149 0.000396488 0.000418111 0.000433465 0.000449928 0.000471216 0.000497217 0.000525133 -0.000553893
0.00018092 0.000293213 0.000361215 0.000400739 0.000423645 0.000440382 0.000458321 0.000481163 0.000508768 0.000538304 -0.000542908
0.000181896 0.00029519 0.00036428 0.00040499 0.000429179 0.000447298 0.000466713 0.000491109 0.000520318 0.000551475 -0.000531925
0.000182871 0.000297167 0.000367346 0.000409241 0.000434713 0.000454214 0.000475105 0.000501054 0.000531868 0.000564644 -0.000520942
0.000183847 0.000299144 0.000370411 0.000413492 0.000440246 0.00046113 0.000483496 0.000510999 0.000543416 0.000577812 -0.000509961
0.000184822 0.000301121 0.000373477 0.000417742 0.000445779 0.000468045 0.000491886 0.000520943 0.000554964 0.00059098 -0.00049898
0.000185797 0.000303098 0.000376542 0.000421992 0.000451312 0.000474959 0.000500276 0.000530886 0.000566511 0.000604146 -0.000488
0.000186772 0.000305075 0.000379607 0.000426242 0.000456844 0.000481873 0.000508665 0.000540828 0.000578057 0.000617312 -0.000477022
0.000187748 0.000307052 0.000382672 0.000430491 0.000462376 0.000488787 0.000517054 0.00055077 0.000589602 0.000630476 -0.000466044
0.000188723 0.000309029 0.000385736 0.00043474 0.000467908 0.0004957 0.000525442 0.000560711 0.000601147 0.00064364 -0.000455068
0.000189698 0.000311005 0.000388801 0.000438989 0.000473439 0.000502612 0.00053383 0.000570651 0.00061269 0.000656802 -0.000444092
0.000190673 0.000312982 0.000391865 0.000443238 0.00047897 0.000509525 0.000542217 0.000580591 0.000624233 0.000669964 -0.000433118
0.000191648 0.000314958 0.000394929 0.000447487 0.0004845 0.000516436 0.000550603 0.00059053 0.000635775 0.000683124 -0.000422144
0.000192623 0.000316935 0.000397993 0.000451735 0.000490031 0.000523347 0.000558989 0.000600468 0.000647316 0.000696284 -0.000411172
0.000193598 0.000318911 0.000401057 0.000455983 0.00049556 0.000530258 0.000567374 0.000610405 0.000658856 0.000709442 -0.0004002
0.000194573 0.000320887 0.000404121 0.000460231 0.00050109 0.000537168 0.000575758 0.000620342 0.000670395 0.0007226 -0.00038923
0.000195548 0.000322863 0.000407184 0.000464478 0.000506619 0.000544078 0.000584142 0.000630278 0.000681933 0.000735757 -0.000378261
0.000196523 0.000324839 0.000410248 0.000468725 0.000512147 0.000550987 0.000592525 0.000640213 0.000693471 0.000748912 -0.000367292
0.000197498 0.000326815 0.000413311 0.000472972 0.000517676 0.000557896 0.000600908 0.000650147 0.000705007 0.000762066 -0.000356325
0.000198473 0.000328791 0.000416374 0.000477219 0.000523204 0.000564804 0.00060929 0.00066008 0.000716543 0.00077522 -0.000345359
0.000199448 0.000330767 0.000419437 0.000481465 0.000528731 0.000571712 0.000617671 0.000670013 0.000728077 0.000788372 -0.000334394
0.000200423 0.000332742 0.000422499 0.000485711 0.000534259 0.000578619 0.000626052 0.000679945 0.000739611 0.000801524 -0.00032343
0.000201397 0.000334718 0.000425562 0.000489957 0.000539785 0.000585526 0.000634432 0.000689877 0.000751144 0.000814674 -0.000312467
0.000202372 0.000336694 0.000428624 0.000494203 0.000545312 0.000592432 0.000642812 0.000699807 0.000762676 0.000827823 -0.000301505
0.000203347 0.000338669 0.000431686 0.000498448 0.000550838 0.000599338 0.00065119 0.000709737 0.000774207 0.000840972 -0.000290544
0.000204322 0.000340644 0.000434748 0.000502693 0.000556364 0.000606243 0.000659569 0.000719666 0.000785738 0.000854119 -0.000279584
0.000205296 0.000342619 0.00043781 0.000506938 0.000561889 0.000613148 0.000667946 0.000729594 0.000797267 0.000867265 -0.000268626
0.000206271 0.000344595 0.000440872 0.000511183 0.000567414 0.000620052 0.000676323 0.000739521 0.000808795 0.00088041 -0.000257668
0.000207245 0.00034657 0.000443933 0.000515427 0.000572938 0.000626956 0.000684699 0.000749448 0.000820323 0.000893554 -0.000246712
0.00020822 0.000348544 0.000446995 0.000519671 0.000578462 0.000633859 0.000693075 0.000759374 0.000831849 0.000906697 -0.000235756
0.000209194 0.000350519 0.000450056 0.000523915 0.000583986 0.000640762 0.00070145 0.000769299 0.000843375 0.000919839 -0.000224802
0.000210169 0.000352494 0.000453117 0.000528158 0.00058951 0.000647664 0.000709824 0.000779223 0.0008549 0.00093298 -0.000213849
0.000211143 0.000354469 0.000456178 0.000532402 0.000595033 0.000654566 0.000718198 0.000789147 0.000866423 0.00094612 -0.000202897
0.000212118 0.000356443 0.000459238 0.000536644 0.000600555 0.000661467 0.000726571 0.000799069 0.000877946 0.000959259 -0.000191946
0.000213092 0.000358418 0.000462299 0.000540887 0.000606077 0.000668367 0.000734943 0.000808991 0.000889468 0.000972396 -0.000180996
0.000214066 0.000360392 0.000465359 0.000545129 0.000611599 0.000675267 0.000743315 0.000818912 0.000900989 0.000985533 -0.000170047
0.000215041 0.000362366 0.000468419 0.000549372 0.000617121 0.000682167 0.000751686 0.000828833 0.000912509 0.000998668 -0.0001591
0.000216015 0.000364341 0.000471479 0.000553613 0.000622642 0.000689066 0.000760056 0.000838752 0.000924028 0.0010118 -0.000148153
0.000216989 0.000366315 0.000474539 0.000557855 0.000628162 0.000695965 0.000768426 0.000848671 0.000935546 0.00102494 -0.000137208
0.000217963 0.000368289 0.000477598 0.000562096 0.000633682 0.000702863 0.000776795 0.000858588 0.000947063 0.00103807 -0.000126263
0.000218937 0.000370262 0.000480658 0.000566337 0.000639202 0.00070976 0.000785164 0.000868505 0.000958579 0.0010512 -0.00011532
0.000219912 0.000372236 0.000483717 0.000570578 0.000644722 0.000716657 0.000793531 0.000878422 0.000970094 0.00106433 -0.000104378
0.000220886 0.00037421 0.000486776 0.000574818 0.000650241 0.000723553 0.000801898 0.000888337 0.000981609 0.00107746 -9.34376e-05
0.00022186 0.000376184 0.000489835 0.000579058 0.000655759 0.000730449 0.000810265 0.000898252 0.000993122 0.00109059 -8.2498e-05
0.000222834 0.000378157 0.000492893 0.000583298 0.000661277 0.000737344 0.00081863 0.000908165 0.00100463 0.00110371 -7.15595e-05
0.000223808 0.000380131 0.000495952 0.000587538 0.000666795 0.000744239 0.000826995 0.000918078 0.00101615 0.00111684 -6.06222e-05
0.000224782 0.000382104 0.00049901 0.000591777 0.000672313 0.000751133 0.00083536 0.00092799 0.00102766 0.00112996 -4.96861e-05
0.000225755 0.000384077 0.000502068 0.000596016 0.000677829 0.000758027 0.000843723 0.000937902 0.00103917 0.00114309 -3.87511e-05
0.000226729 0.00038605 0.000505126 0.000600255 0.000683346 0.00076492 0.000852086 0.000947812 0.00105067 0.00115621 -2.78172e-05
0.000227703 0.000388023 0.000508184 0.000604493 0.000688862 0.000771813 0.000860448 0.000957721 0.00106218 0.00116933 -1.68846e-05
0.000228677 0.000389996 0.000511242 0.000608731 0.000694378 0.000778705 0.00086881 0.00096763 0.00107369 0.00118245 -5.95315e-06
0.000229651 0.000391969 0.000514299 0.000612969 0.000699893 0.000785596 0.000877171 0.000977538 0.00108519 0.00119557 4.97713e-06
0.000230624 0.000393942 0.000517356 0.000617206 0.000705408 0.000792487 0.000885531 0.000987445 0.0010967 0.00120868 1.59062e-05
0.000231598 0.000395914 0.000520413 0.000621444 0.000710923 0.000799377 0.00089389 0.000997351 0.0011082 0.0012218 2.68341e-05
0.000232572 0.000397887 0.00052347 0.000625681 0.000716437 0.000806267 0.000902249 0.00100726 0.0011197 0.00123492 3.77608e-05
0.000233545 0.000399859 0.000526527 0.000629917 0.00072195 0.000813156 0.000910607 0.00101716 0.0011312 0.00124803 4.86863e-05
0.000234519 0.000401831 0.000529583 0.000634153 0.000727463 0.000820045 0.000918964 0.00102706 0.0011427 0.00126114 5.96106e-05
0.000235492 0.000403804 0.000532639 0.000638389 0.000732976 0.000826933 0.000927321 0.00103697 0.0011542 0.00127425 7.05337e-05
0.000236466 0.000405776 0.000535695 0.000642625 0.000738489 0.000833821 0.000935677 0.00104687 0.0011657 0.00128737 8.14556e-05
0.000237439 0.000407748 0.000538751 0.000646861 0.000744 0.000840708 0.000944032 0.00105677 0.0011772 0.00130047 9.23762e-05
0.000238413 0.00040972 0.000541807 0.000651096 0.000749512 0.000847594 0.000952386 0.00106667 0.0011887 0.00131358 0.000103296
0.000239386 0.000411692 0.000544862 0.000655331 0.000755023 0.00085448 0.00096074 0.00107657 0.00120019 0.00132669 0.000114214
0.000240359 0.000413663 0.000547918 0.000659565 0.000760534 0.000861365 0.000969093 0.00108647 0.00121168 0.0013398 0.000125131
0.000241332 0.000415635 0.000550973 0.000663799 0.000766044 0.00086825 0.000977445 0.00109637 0.00122318 0.0013529 0.000136047
0.000242306 0.000417606 0.000554028 0.000668033 0.000771554 0.000875134 0.000985797 0.00110626 0.00123467 0.001366 0.000146961
0.000243279 0.000419578 0.000557082 0.000672267 0.000777063 0.000882017 0.000994147 0.00111616 0.00124616 0.00137911 0.000157874
0.000244252 0.000421549 0.000560137 0.0006765 0.000782572 0.0008889 0.0010025 0.00112605 0.00125765 0.00139221 0.000168786
0.000245225 0.00042352 0.000563191 0.000680733 0.00078808 0.000895783 0.00101085 0.00113595 0.00126914 0.00140531 0.000179697
0.000246198 0.000425491 0.000566245 0.000684966 0.000793588 0.000902665 0.0010192 0.00114584 0.00128063 0.00141841 0.000190607
0.000247171 0.000427462 0.000569299 0.000689198 0.000799096 0.000909546 0.00102754 0.00115573 0.00129211 0.0014315 0.000201515
0.000248144 0.000429433 0.000572353 0.00069343 0.000804603 0.000916426 0.00103589 0.00116562 0.0013036 0.0014446 0.000212422
0.000249117 0.000431404 0.000575407 0.000697662 0.000810109 0.000923306 0.00104424 0.00117551 0.00131509 0.00145769 0.000223328
0.00025009 0.000433374 0.00057846 0.000701893 0.000815616 0.000930186 0.00105258 0.0011854 0.00132657 0.00147079 0.000234232
0.000251063 0.000435345 0.000581513 0.000706124 0.000821121 0.000937065 0.00106093 0.00119529 0.00133805 0.00148388 0.000245136
0.000252036 0.000437315 0.000584566 0.000710355 0.000826627 0.000943943 0.00106927 0.00120518 0.00134953 0.00149697 0.000256038
0.000253009 0.000439286 0.000587619 0.000714586 0.000832132 0.00095082 0.00107761 0.00121506 0.00136101 0.00151006 0.000266938
0.000253982 0.000441256 0.000590671 0.000718816 0.000837636 0.000957697 0.00108596 0.00122495 0.00137249 0.00152315 0.000277838
0.000254954 0.000443226 0.000593723 0.000723046 0.00084314 0.000964574 0.0010943 0.00123484 0.00138397 0.00153624 0.000288736
0.000255927 0.000445196 0.000596776 0.000727275 0.000848644 0.00097145 0.00110264 0.00124472 0.00139545 0.00154932 0.000299632
0.0002569 0.000447166 0.000599827 0.000731504 0.000854147 0.000978325 0.00111098 0.0012546 0.00140692 0.00156241 0.000310528
0.000257872 0.000449136 0.000602879 0.000735733 0.000859649 0.000985199 0.00111932 0.00126448 0.0014184 0.00157549 0.000321422
0.000258845 0.000451105 0.000605931 0.000739962 0.000865151 0.000992073 0.00112766 0.00127437 0.00142987 0.00158857 0.000332315
0.000259817 0.000453075 0.000608982 0.00074419 0.000870653 0.000998947 0.001136 0.00128425 0.00144135 0.00160166 0.000343207
0.00026079 0.000455044 0.000612033 0.000748418 0.000876154 0.00100582 0.00114433 0.00129412 0.00145282 0.00161474 0.000354097
0.000261762 0.000457014 0.000615084 0.000752645 0.000881655 0.00101269 0.00115267 0.001304 0.00146429 0.00162781 0.000364986
0.000262735 0.000458983 0.000618135 0.000756873 0.000887155 0.00101956 0.00116101 0.00131388 0.00147576 0.00164089 0.000375874
0.000263707 0.000460952 0.000621185 0.000761099 0.000892655 0.00102643 0.00116934 0.00132376 0.00148723 0.00165397 0.00038676
0.000264679 0.000462921 0.000624235 0.000765326 0.000898154 0.0010333 0.00117767 0.00133363 0.00149869 0.00166704 0.000397645
0.000265651 0.00046489 0.000627285 0.000769552 0.000903653 0.00104017 0.00118601 0.00134351 0.00151016 0.00168012 0.000408529
0.000266624 0.000466859 0.000630335 0.000773778 0.000909152 0.00104704 0.00119434 0.00135338 0.00152162 0.00169319 0.000419411
0.000267596 0.000468827 0.000633385 0.000778004 0.00091465 0.00105391 0.00120267 0.00136325 0.00153309 0.00170626 0.000430292
0.000268568 0.000470796 0.000636434 0.000782229 0.000920147 0.00106078 0.001211 0.00137312 0.00154455 0.00171933 0.000441172
0.00026954 0.000472764 0.000639484 0.000786454 0.000925644 0.00106765 0.00121933 0.001383 0.00155601 0.0017324 0.00045205
0.000270512 0.000474733 0.000642533 0.000790679 0.000931141 0.00107451 0.00122766 0.00139286 0.00156747 0.00174546 0.000462927
0.000271484 0.000476701 0.000645581 0.000794903 0.000936637 0.00108138 0.00123599 0.00140273 0.00157893 0.00175853 0.000473802
0.000272456 0.000478669 0.00064863 0.000799127 0.000942132 0.00108824 0.00124432 0.0014126 0.00159039 0.00177159 0.000484677
0.000273428 0.000480637 0.000651678 0.00080335 0.000947627 0.00109511 0.00125265 0.00142247 0.00160185 0.00178466 0.000495549
0.0002744 0.000482605 0.000654726 0.000807574 0.000953122 0.00110197 0.00126097 0.00143233 0.0016133 0.00179772 0.000506421
0.000275372 0.000484573 0.000657774 0.000811796 0.000958616 0.00110884 0.0012693 0.0014422 0.00162476 0.00181078 0.000517291
0.000276344 0.00048654 0.000660822 0.000816019 0.00096411 0.0011157 0.00127762 0.00145206 0.00163621 0.00182384 0.00052816
0.000277315 0.000488508 0.00066387 0.000820241 0.000969603 0.00112256 0.00128595 0.00146193 0.00164766 0.0018369 0.000539027
0.000278287 0.000490475 0.000666917 0.000824463 0.000975095 0.00112942 0.00129427 0.00147179 0.00165911 0.00184995 0.000549893
0.000279259 0.000492443 0.000669964 0.000828685 0.000980587 0.00113628 0.00130259 0.00148165 0.00167056 0.00186301 0.000560758
0.00028023 0.00049441 0.000673011 0.000832906 0.000986079 0.00114314 0.00131091 0.00149151 0.00168201 0.00187606 0.000571621
0.000281202 0.000496377 0.000676057 0.000837127 0.00099157 0.00115 0.00131923 0.00150137 0.00169346 0.00188911 0.000582483
0.000282173 0.000498344 0.000679104 0.000841347 0.000997061 0.00115686 0.00132755 0.00151122 0.00170491 0.00190217 0.000593343
0.000283145 0.000500311 0.00068215 0.000845567 0.00100255 0.00116372 0.00133587 0.00152108 0.00171635 0.00191522 0.000604202
0.000284116 0.000502277 0.000685196 0.000849787 0.00100804 0.00117058 0.00134419 0.00153094 0.0017278 0.00192826 0.00061506
0.000285088 0.000504244 0.000688242 0.000854007 0.00101353 0.00117743 0.00135251 0.00154079 0.00173924 0.00194131 0.000625916
0.000286059 0.00050621 0.000691287 0.000858226 0.00101902 0.00118429 0.00136082 0.00155065 0.00175068 0.00195436 0.000636771
0.00028703 0.000508177 0.000694332 0.000862444 0.00102451 0.00119115 0.00136914 0.0015605 0.00176212 0.0019674 0.000647624
0.000288002 0.000510143 0.000697377 0.000866663 0.00102999 0.001198 0.00137745 0.00157035 0.00177356 0.00198044 0.000658476
0.000288973 0.000512109 0.000700422 0.000870881 0.00103548 0.00120485 0.00138577 0.0015802 0.001785 0.00199348 0.000669327
0.000289944 0.000514075 0.000703467 0.000875098 0.00104097 0.00121171 0.00139408 0.00159005 0.00179644 0.00200652 0.000680176
0.000290915 0.000516041 0.000706511 0.000879316 0.00104645 0.00121856 0.00140239 0.0015999 0.00180787 0.00201956 0.000691024
0.000291886 0.000518007 0.000709555 0.000883533 0.00105194 0.00122541 0.0014107 0.00160975 0.00181931 0.0020326 0.00070187
0.000292857 0.000519972 0.000712599 0.000887749 0.00105743 0.00123226 0.00141901 0.00161959 0.00183074 0.00204564 0.000712715
0.000293828 0.000521938 0.000715643 0.000891966 0.00106291 0.00123912 0.00142732 0.00162944 0.00184217 0.00205867 0.000723558
0.000294799 0.000523903 0.000718687 0.000896182 0.00106839 0.00124597 0.00143563 0.00163928 0.0018536 0.0020717 0.0007344
0.00029577 0.000525868 0.00072173 0.000900397 0.00107388 0.00125281 0.00144394 0.00164913 0.00186503 0.00208474 0.00074524
0.000296741 0.000527833 0.000724773 0.000904612 0.00107936 0.00125966 0.00145225 0.00165897 0.00187646 0.00209777 0.000756079
0.000297712 0.000529798 0.000727816 0.000908827 0.00108484 0.00126651 0.00146055 0.00166881 0.00188789 0.0021108 0.000766917
0.000298683 0.000531763 0.000730858 0.000913042 0.00109033 0.00127336 0.00146886 0.00167865 0.00189931 0.00212382 0.000777753
0.000299653 0.000533728 0.000733901 0.000917256 0.00109581 0.00128021 0.00147716 0.00168849 0.00191074 0.00213685 0.000788587
0.000300624 0.000535693 0.000736943 0.000921469 0.00110129 0.00128705 0.00148547 0.00169833 0.00192216 0.00214987 0.000799421
0.000301595 0.000537657 0.000739985 0.000925683 0.00110677 0.0012939 0.00149377 0.00170817 0.00193359 0.0021629 0.000810252
0.000302565 0.000539622 0.000743026 0.000929896 0.00111225 0.00130074 0.00150207 0.001718 0.00194501 0.00217592 0.000821082
0.000303536 0.000541586 0.000746068 0.000934108 0.00111773 0.00130759 0.00151037 0.00172784 0.00195643 0.00218894 0.000831911
0.000304506 0.00054355 0.000749109 0.000938321 0.00112321 0.00131443 0.00151867 0.00173767 0.00196784 0.00220196 0.000842738
0.000305477 0.000545514 0.00075215 0.000942532 0.00112869 0.00132127 0.00152697 0.00174751 0.00197926 0.00221497 0.000853564
0.000306447 0.000547478 0.00075519 0.000946744 0.00113416 0.00132811 0.00153527 0.00175734 0.00199068 0.00222799 0.000864388
0.000307417 0.000549442 0.000758231 0.000950955 0.00113964 0.00133495 0.00154357 0.00176717 0.00200209 0.00224101 0.000875211
0.000308388 0.000551405 0.000761271 0.000955166 0.00114512 0.00134179 0.00155186 0.001777 0.00201351 0.00225402 0.000886032
0.000309358 0.000553369 0.000764311 0.000959376 0.00115059 0.00134863 0.00156016 0.00178683 0.00202492 0.00226703 0.000896852
0.000310328 0.000555332 0.000767351 0.000963586 0.00115607 0.00135547 0.00156845 0.00179665 0.00203633 0.00228004 0.00090767
0.000311298 0.000557295 0.00077039 0.000967796 0.00116155 0.00136231 0.00157675 0.00180648 0.00204774 0.00229305 0.000918487
0.000312268 0.000559259 0.00077343 0.000972005 0.00116702 0.00136915 0.00158504 0.00181631 0.00205915 0.00230606 0.000929302
0.000313239 0.000561222 0.000776469 0.000976214 0.00117249 0.00137599 0.00159333 0.00182613 0.00207055 0.00231906 0.000940115
0.000314209 0.000563184 0.000779507 0.000980422 0.00117797 0.00138282 0.00160162 0.00183595 0.00208196 0.00233207 0.000950927
0.000315179 0.000565147 0.000782546 0.000984631 0.00118344 0.00138966 0.00160991 0.00184578 0.00209336 0.00234507 0.000961738
0.000316148 0.00056711 0.000785584 0.000988838 0.00118891 0.00139649 0.0016182 0.0018556 0.00210477 0.00235807 0.000972547
0.000317118 0.000569072 0.000788622 0.000993046 0.00119439 0.00140333 0.00162649 0.00186542 0.00211617 0.00237107 0.000983354
0.000318088 0.000571035 0.00079166 0.000997253 0.00119986 0.00141016 0.00163478 0.00187524 0.00212757 0.00238407 0.00099416
0.000319058 0.000572997 0.000794698 0.00100146 0.00120533 0.00141699 0.00164306 0.00188505 0.00213897 0.00239707 0.00100496
0.000320028 0.000574959 0.000797735 0.00100567 0.0012108 0.00142382 0.00165135 0.00189487 0.00215037 0.00241006 0.00101577
0.000320997 0.000576921 0.000800772 0.00100987 0.00121627 0.00143066 0.00165963 0.00190469 0.00216176 0.00242305 0.00102657
0.000321967 0.000578883 0.000803809 0.00101408 0.00122174 0.00143749 0.00166792 0.0019145 0.00217316 0.00243605 0.00103737
0.000322936 0.000580844 0.000806846 0.00101828 0.00122721 0.00144432 0.0016762 0.00192431 0.00218455 0.00244904 0.00104817
0.000323906 0.000582806 0.000809882 0.00102249 0.00123267 0.00145114 0.00168448 0.00193413 0.00219595 0.00246203 0.00105896
0.000324875 0.000584767 0.000812918 0.00102669 0.00123814 0.00145797 0.00169276 0.00194394 0.00220734 0.00247501 0.00106976
0.000325845 0.000586729 0.000815954 0.00103089 0.00124361 0.0014648 0.00170104 0.00195375 0.00221873 0.002488 0.00108055
0.000326814 0.00058869 0.00081899 0.0010351 0.00124908 0.00147163 0.00170932 0.00196356 0.00223012 0.00250099 0.00109134
0.000327784 0.000590651 0.000822025 0.0010393 0.00125454 0.00147845 0.0017176 0.00197336 0.0022415 0.00251397 0.00110213
0.000328753 0.000592612 0.00082506 0.0010435 0.00126001 0.00148528 0.00172588 0.00198317 0.00225289 0.00252695 0.00111292
0.000329722 0.000594573 0.000828095 0.00104771 0.00126547 0.0014921 0.00173415 0.00199298 0.00226427 0.00253993 0.00112371
0.000330691 0.000596533 0.000831129 0.00105191 0.00127094 0.00149893 0.00174243 0.00200278 0.00227566 0.00255291 0.0011345
0.00033166 0.000598494 0.000834164 0.00105611 0.0012764 0.00150575 0.0017507 0.00201258 0.00228704 0.00256589 0.00114528
0.000332629 0.000600454 0.000837198 0.00106031 0.00128186 0.00151257 0.00175898 0.00202238 0.00229842 0.00257886 0.00115606
0.000333598 0.000602414 0.000840232 0.00106451 0.00128733 0.00151939 0.00176725 0.00203219 0.0023098 0.00259184 0.00116684
0.000334567 0.000604374 0.000843265 0.00106871 0.00129279 0.00152621 0.00177552 0.00204199 0.00232118 0.00260481 0.00117762
0.000335536 0.000606334 0.000846299 0.00107291 0.00129825 0.00153303 0.00178379 0.00205178 0.00233256 0.00261778 0.0011884
0.000336505 0.000608294 0.000849332 0.00107711 0.00130371 0.00153985 0.00179206 0.00206158 0.00234393 0.00263075 0.00119917
0.000337474 0.000610254 0.000852365 0.00108131 0.00130917 0.00154667 0.00180033 0.00207138 0.0023553 0.00264372 0.00120995
0.000338443 0.000612213 0.000855397 0.00108551 0.00131463 0.00155349 0.0018086 0.00208117 0.00236668 0.00265668 0.00122072
0.000339412 0.000614173 0.00085843 0.00108971 0.00132009 0.00156031 0.00181687 0.00209097 0.00237805 0.00266965 0.00123149
0.00034038 0.000616132 0.000861462 0.00109391 0.00132555 0.00156712 0.00182513 0.00210076 0.00238942 0.00268261 0.00124226
0.000341349 0.000618091 0.000864493 0.0010981 0.00133101 0.00157394 0.0018334 0.00211055 0.00240079 0.00269557 0.00125303
0.000342317 0.00062005 0.000867525 0.0011023 0.00133646 0.00158075 0.00184166 0.00212034 0.00241215 0.00270853 0.0012638
0.000343286 0.000622009 0.000870556 0.0011065 0.00134192 0.00158757 0.00184992 0.00213013 0.00242352 0.00272149 0.00127456
0.000344254 0.000623968 0.000873587 0.00111069 0.00134738 0.00159438 0.00185819 0.00213992 0.00243488 0.00273445 0.00128532
0.000345223 0.000625926 0.000876618 0.00111489 0.00135283 0.00160119 0.00186645 0.0021497 0.00244625 0.0027474 0.00129608
0.000346191 0.000627885 0.000879649 0.00111908 0.00135829 0.001608 0.00187471 0.00215949 0.00245761 0.00276035 0.00130684
0.000347159 0.000629843 0.000882679 0.00112328 0.00136374 0.00161481 0.00188297 0.00216927 0.00246897 0.00277331 0.0013176
0.000348128 0.000631801 0.000885709 0.00112747 0.00136919 0.00162162 0.00189122 0.00217906 0.00248033 0.00278626 0.00132836
0.000349096 0.000633759 0.000888739 0.00113167 0.00137465 0.00162843 0.00189948 0.00218884 0.00249168 0.0027992 0.00133911
0.000350064 0.000635717 0.000891768 0.00113586 0.0013801 0.00163524 0.00190774 0.00219862 0.00250304 0.00281215 0.00134986
0.000351032 0.000637675 0.000894797 0.00114006 0.00138555 0.00164205 0.00191599 0.0022084 0.00251439 0.0028251 0.00136062
0.000352 0.000639632 0.000897826 0.00114425 0.001391 0.00164886 0.00192425 0.00221818 0.00252575 0.00283804 0.00137137
0.000352968 0.00064159 0.000900855 0.00114844 0.00139646 0.00165566 0.0019325 0.00222796 0.0025371 0.00285098 0.00138211
0.000353936 0.000643547 0.000903883 0.00115263 0.00140191 0.00166247 0.00194075 0.00223773 0.00254845 0.00286392 0.00139286
0.000354904 0.000645504 0.000906911 0.00115682 0.00140736 0.00166927 0.001949 0.00224751 0.0025598 0.00287686 0.0014036
0.000355872 0.000647461 0.000909939 0.00116102 0.0014128 0.00167608 0.00195725 0.00225728 0.00257115 0.0028898 0.00141435
0.00035684 0.000649418 0.000912967 0.00116521 0.00141825 0.00168288 0.0019655 0.00226705 0.00258249 0.00290273 0.00142509
0.000357807 0.000651375 0.000915994 0.0011694 0.0014237 0.00168968 0.00197375 0.00227682 0.00259384 0.00291567 0.00143583
0.000358775 0.000653332 0.000919021 0.00117359 0.00142915 0.00169648 0.001982 0.00228659 0.00260518 0.0029286 0.00144656
0.000359743 0.000655288 0.000922048 0.00117778 0.0014346 0.00170328 0.00199024 0.00229636 0.00261652 0.00294153 0.0014573
0.00036071 0.000657244 0.000925075 0.00118197 0.00144004 0.00171008 0.00199849 0.00230613 0.00262786 0.00295446 0.00146803
0.000361678 0.0006592 0.000928101 0.00118615 0.00144549 0.00171688 0.00200673 0.0023159 0.0026392 0.00296739 0.00147877
0.000362645 0.000661157 0.000931127 0.00119034 0.00145093 0.00172368 0.00201498 0.00232566 0.00265054 0.00298031 0.0014895
0.000363612 0.000663112 0.000934152 0.00119453 0.00145638 0.00173048 0.00202322 0.00233543 0.00266187 0.00299324 0.00150023
0.00036458 0.000665068 0.000937178 0.00119872 0.00146182 0.00173727 0.00203146 0.00234519 0.00267321 0.00300616 0.00151095
0.000365547 0.000667024 0.000940203 0.00120291 0.00146726 0.00174407 0.0020397 0.00235495 0.00268454 0.00301908 0.00152168
0.000366514 0.000668979 0.000943228 0.00120709 0.00147271 0.00175086 0.00204794 0.00236471 0.00269587 0.003032 0.0015324
0.000367481 0.000670934 0.000946253 0.00121128 0.00147815 0.00175766 0.00205618 0.00237447 0.0027072 0.00304492 0.00154313
0.000368449 0.00067289 0.000949277 0.00121546 0.00148359 0.00176445 0.00206441 0.00238423 0.00271853 0.00305783 0.00155385
0.000369416 0.000674845 0.000952301 0.00121965 0.00148903 0.00177124 0.00207265 0.00239398 0.00272986 0.00307075 0.00156456
0.000370383 0.000676799 0.000955325 0.00122383 0.00149447 0.00177804 0.00208088 0.00240374 0.00274118 0.00308366 0.00157528
0.00037135 0.000678754 0.000958348 0.00122802 0.00149991 0.00178483 0.00208912 0.00241349 0.00275251 0.00309657 0.001586
0.000372317 0.000680709 0.000961372 0.0012322 0.00150535 0.00179162 0.00209735 0.00242324 0.00276383 0.00310948 0.00159671
0.000373283 0.000682663 0.000964395 0.00123639 0.00151079 0.00179841 0.00210558 0.002433 0.00277515 0.00312238 0.00160742
0.00037425 0.000684617 0.000967417 0.00124057 0.00151622 0.00180519 0.00211381 0.00244275 0.00278647 0.00313529 0.00161813
0.000375217 0.000686571 0.00097044 0.00124475 0.00152166 0.00181198 0.00212204 0.00245249 0.00279779 0.00314819 0.00162884
0.000376184 0.000688525 0.000973462 0.00124893 0.0015271 0.00181877 0.00213027 0.00246224 0.00280911 0.0031611 0.00163955
0.00037715 0.000690479 0.000976484 0.00125312 0.00153253 0.00182555 0.0021385 0.00247199 0.00282042 0.003174 0.00165025
0.000378117 0.000692433 0.000979505 0.0012573 0.00153797 0.00183234 0.00214673 0.00248173 0.00283174 0.00318689 0.00166095
0.000379083 0.000694386 0.000982526 0.00126148 0.0015434 0.00183912 0.00215495 0.00249148 0.00284305 0.00319979 0.00167165
0.00038005 0.00069634 0.000985547 0.00126566 0.00154884 0.00184591 0.00216318 0.00250122 0.00285436 0.00321269 0.00168235
0.000381016 0.000698293 0.000988568 0.00126984 0.00155427 0.00185269 0.0021714 0.00251096 0.00286567 0.00322558 0.00169305
0.000381982 0.000700246 0.000991589 0.00127402 0.0015597 0.00185947 0.00217962 0.0025207 0.00287698 0.00323847 0.00170375
0.000382949 0.000702199 0.000994609 0.0012782 0.00156513 0.00186625 0.00218784 0.00253044 0.00288828 0.00325136 0.00171444
0.000383915 0.000704152 0.000997629 0.00128238 0.00157056 0.00187303 0.00219606 0.00254018 0.00289959 0.00326425 0.00172513
0.000384881 0.000706104 0.00100065 0.00128655 0.00157599 0.00187981 0.00220428 0.00254991 0.00291089 0.00327714 0.00173582
0.000385847 0.000708057 0.00100367 0.00129073 0.00158142 0.00188659 0.0022125 0.00255965 0.00292219 0.00329002 0.00174651
0.000386813 0.000710009 0.00100669 0.00129491 0.00158685 0.00189337 0.00222072 0.00256938 0.00293349 0.0033029 0.0017572
0.000387779 0.000711961 0.00100971 0.00129909 0.00159228 0.00190014 0.00222893 0.00257911 0.00294479 0.00331578 0.00176788
0.000388745 0.000713913 0.00101272 0.00130326 0.00159771 0.00190692 0.00223715 0.00258884 0.00295609 0.00332866 0.00177856
0.000389711 0.000715865 0.00101574 0.00130744 0.00160314 0.00191369 0.00224536 0.00259857 0.00296738 0.00334154 0.00178925
0.000390677 0.000717816 0.00101876 0.00131161 0.00160856 0.00192047 0.00225358 0.0026083 0.00297868 0.00335442 0.00179992
0.000391643 0.000719768 0.00102178 0.00131579 0.00161399 0.00192724 0.00226179 0.00261803 0.00298997 0.00336729 0.0018106
0.000392608 0.000721719 0.00102479 0.00131996 0.00161942 0.00193401 0.00227 0.00262775 0.00300126 0.00338016 0.00182128
0.000393574 0.000723671 0.00102781 0.00132414 0.00162484 0.00194078 0.00227821 0.00263748 0.00301255 0.00339303 0.00183195
0.00039454 0.000725622 0.00103083 0.00132831 0.00163027 0.00194755 0.00228642 0.0026472 0.00302384 0.0034059 0.00184262
0.000395505 0.000727573 0.00103384 0.00133248 0.00163569 0.00195432 0.00229462 0.00265692 0.00303512 0.00341877 0.00185329
0.000396471 0.000729523 0.00103686 0.00133666 0.00164111 0.00196109 0.00230283 0.00266664 0.00304641 0.00343163 0.00186396
0.000397436 0.000731474 0.00103988 0.00134083 0.00164653 0.00196786 0.00231103 0.00267636 0.00305769 0.0034445 0.00187463
0.000398401 0.000733424 0.00104289 0.001345 0.00165196 0.00197463 0.00231924 0.00268608 0.00306897 0.00345736 0.00188529
0.000399367 0.000735375 0.00104591 0.00134917 0.00165738 0.00198139 0.00232744 0.0026958 0.00308025 0.00347022 0.00189595
0.000400332 0.000737325 0.00104892 0.00135334 0.0016628 0.00198816 0.00233564 0.00270551 0.00309153 0.00348308 0.00190661
0.000401297 0.000739275 0.00105194 0.00135751 0.00166822 0.00199492 0.00234384 0.00271522 0.00310281 0.00349593 0.00191727
0.000402262 0.000741224 0.00105495 0.00136168 0.00167363 0.00200169 0.00235204 0.00272494 0.00311408 0.00350879 0.00192793
0.000403227 0.000743174 0.00105797 0.00136585 0.00167905 0.00200845 0.00236024 0.00273465 0.00312536 0.00352164 0.00193859
0.000404192 0.000745124 0.00106098 0.00137002 0.00168447 0.00201521 0.00236844 0.00274436 0.00313663 0.00353449 0.00194924
0.000405157 0.000747073 0.00106399 0.00137419 0.00168989 0.00202197 0.00237663 0.00275407 0.0031479 0.00354734 0.00195989
0.000406122 0.000749022 0.00106701 0.00137836 0.0016953 0.00202873 0.00238483 0.00276377 0.00315917 0.00356019 0.00197054
0.000407087 0.000750971 0.00107002 0.00138253 0.00170072 0.00203549 0.00239302 0.00277348 0.00317043 0.00357303 0.00198119
0.000408052 0.00075292 0.00107303 0.00138669 0.00170613 0.00204225 0.00240122 0.00278318 0.0031817 0.00358587 0.00199183
0.000409017 0.000754869 0.00107604 0.00139086 0.00171155 0.00204901 0.00240941 0.00279288 0.00319296 0.00359872 0.00200248
0.000409981 0.000756817 0.00107906 0.00139503 0.00171696 0.00205576 0.0024176 0.00280259 0.00320423 0.00361156 0.00201312
0.000410946 0.000758765 0.00108207 0.00139919 0.00172237 0.00206252 0.00242579 0.00281229 0.00321549 0.00362439 0.00202376
0.00041191 0.000760714 0.00108508 0.00140336 0.00172779 0.00206927 0.00243398 0.00282198 0.00322675 0.00363723 0.0020344
0.000412875 0.000762662 0.00108809 0.00140752 0.0017332 0.00207603 0.00244216 0.00283168 0.003238 0.00365006 0.00204503
0.000413839 0.00076461 0.0010911 0.00141169 0.00173861 0.00208278 0.00245035 0.00284138 0.00324926 0.0036629 0.00205567
0.000414804 0.000766557 0.00109411 0.00141585 0.00174402 0.00208953 0.00245854 0.00285107 0.00326051 0.00367573 0.0020663
0.000415768 0.000768505 0.00109712 0.00142001 0.00174943 0.00209628 0.00246672 0.00286077 0.00327177 0.00368855 0.00207693
0.000416732 0.000770452 0.00110013 0.00142418 0.00175484 0.00210303 0.0024749 0.00287046 0.00328302 0.00370138 0.00208756
0.000417696 0.000772399 0.00110314 0.00142834 0.00176025 0.00210978 0.00248308 0.00288015 0.00329427 0.00371421 0.00209818
0.00041866 0.000774346 0.00110615 0.0014325 0.00176565 0.00211653 0.00249126 0.00288984 0.00330552 0.00372703 0.00210881
0.000419624 0.000776293 0.00110916 0.00143666 0.00177106 0.00212328 0.00249944 0.00289952 0.00331676 0.00373985 0.00211943
0.000420588 0.00077824 0.00111217 0.00144082 0.00177647 0.00213003 0.00250762 0.00290921 0.00332801 0.00375267 0.00213005
0.000421552 0.000780187 0.00111518 0.00144498 0.00178187 0.00213677 0.0025158 0.0029189 0.00333925 0.00376549 0.00214067
0.000422516 0.000782133 0.00111818 0.00144914 0.00178728 0.00214352 0.00252397 0.00292858 0.00335049 0.0037783 0.00215129
0.00042348 0.000784079 0.00112119 0.0014533 0.00179268 0.00215026 0.00253215 0.00293826 0.00336173 0.00379112 0.0021619
0.000424444 0.000786025 0.0011242 0.00145746 0.00179808 0.002157 0.00254032 0.00294794 0.00337297 0.00380393 0.00217251
0.000425407 0.000787971 0.00112721 0.00146162 0.00180349 0.00216374 0.00254849 0.00295762 0.00338421 0.00381674 0.00218312
0.000426371 0.000789917 0.00113021 0.00146578 0.00180889 0.00217049 0.00255667 0.0029673 0.00339544 0.00382954 0.00219373
0.000427334 0.000791863 0.00113322 0.00146994 0.00181429 0.00217723 0.00256484 0.00297698 0.00340667 0.00384235 0.00220434
0.000428298 0.000793808 0.00113622 0.00147409 0.00181969 0.00218396 0.002573 0.00298665 0.0034179 0.00385515 0.00221495
0.000429261 0.000795753 0.00113923 0.00147825 0.00182509 0.0021907 0.00258117 0.00299632 0.00342913 0.00386796 0.00222555
0.000430225 0.000797698 0.00114224 0.00148241 0.00183049 0.00219744 0.00258934 0.003006 0.00344036 0.00388076 0.00223615
0.000431188 0.000799643 0.00114524 0.00148656 0.00183589 0.00220418 0.0025975 0.00301567 0.00345159 0.00389355 0.00224675
0.000432151 0.000801588 0.00114825 0.00149072 0.00184128 0.00221091 0.00260567 0.00302534 0.00346281 0.00390635 0.00225734
0.000433114 0.000803533 0.00115125 0.00149487 0.00184668 0.00221765 0.00261383 0.003035 0.00347404 0.00391915 0.00226794
0.000434078 0.000805477 0.00115426 0.00149903 0.00185208 0.00222438 0.00262199 0.00304467 0.00348526 0.00393194 0.00227853
0.000435041 0.000807421 0.00115726 0.00150318 0.00185747 0.00223111 0.00263015 0.00305434 0.00349648 0.00394473 0.00228912
0.000436004 0.000809365 0.00116026 0.00150733 0.00186287 0.00223784 0.00263831 0.003064 0.0035077 0.00395752 0.00229971
0.000436967 0.000811309 0.00116327 0.00151149 0.00186826 0.00224458 0.00264647 0.00307366 0.00351891 0.0039703 0.0023103
0.000437929 0.000813253 0.00116627 0.00151564 0.00187365 0.00225131 0.00265463 0.00308332 0.00353013 0.00398309 0.00232088
0.000438892 0.000815196 0.00116927 0.00151979 0.00187905 0.00225803 0.00266278 0.00309298 0.00354134 0.00399587 0.00233147
0.000439855 0.00081714 0.00117227 0.00152394 0.00188444 0.00226476 0.00267094 0.00310264 0.00355255 0.00400865 0.00234205
0.000440818 0.000819083 0.00117528 0.00152809 0.00188983 0.00227149 0.00267909 0.0031123 0.00356376 0.00402143 0.00235263
0.00044178 0.000821026 0.00117828 0.00153224 0.00189522 0.00227822 0.00268724 0.00312195 0.00357497 0.00403421 0.0023632
0.000442743 0.000822969 0.00118128 0.00153639 0.00190061 0.00228494 0.0026954 0.0031316 0.00358617 0.00404698 0.00237378
0.000443705 0.000824912 0.00118428 0.00154054 0.001906 0.00229166 0.00270354 0.00314126 0.00359738 0.00405976 0.00238435
0.000444668 0.000826854 0.00118728 0.00154469 0.00191139 0.00229839 0.00271169 0.00315091 0.00360858 0.00407253 0.00239492
0.00044563 0.000828796 0.00119028 0.00154884 0.00191678 0.00230511 0.00271984 0.00316056 0.00361978 0.0040853 0.00240549
0.000446592 0.000830739 0.00119328 0.00155298 0.00192216 0.00231183 0.00272799 0.0031702 0.00363098 0.00409806 0.00241606
0.000447554 0.000832681 0.00119628 0.00155713 0.00192755 0.00231855 0.00273613 0.00317985 0.00364218 0.00411083 0.00242662
0.000448517 0.000834622 0.00119928 0.00156128 0.00193294 0.00232527 0.00274428 0.00318949 0.00365337 0.00412359 0.00243718
0.000449479 0.000836564 0.00120228 0.00156542 0.00193832 0.00233199 0.00275242 0.00319914 0.00366457 0.00413635 0.00244774
0.000450441 0.000838506 0.00120528 0.00156957 0.0019437 0.00233871 0.00276056 0.00320878 0.00367576 0.00414911 0.0024583
0.000451403 0.000840447 0.00120828 0.00157371 0.00194909 0.00234542 0.0027687 0.00321842 0.00368695 0.00416187 0.00246886
0.000452365 0.000842388 0.00121128 0.00157786 0.00195447 0.00235214 0.00277684 0.00322806 0.00369814 0.00417462 0.00247941
0.000453326 0.000844329 0.00121427 0.001582 0.00195985 0.00235885 0.00278498 0.0032377 0.00370933 0.00418738 0.00248997
0.000454288 0.00084627 0.00121727 0.00158615 0.00196523 0.00236557 0.00279311 0.00324733 0.00372051 0.00420013 0.00250052
0.00045525 0.00084821 0.00122027 0.00159029 0.00197061 0.00237228 0.00280125 0.00325697 0.0037317 0.00421288 0.00251106
0.000456212 0.000850151 0.00122326 0.00159443 0.00197599 0.00237899 0.00280938 0.0032666 0.00374288 0.00422562 0.00252161
0.000457173 0.000852091 0.00122626 0.00159857 0.00198137 0.0023857 0.00281752 0.00327623 0.00375406 0.00423837 0.00253215
0.000458135 0.000854031 0.00122926 0.00160271 0.00198675 0.00239241 0.00282565 0.00328586 0.00376524 0.00425111 0.0025427
0.000459096 0.000855971 0.00123225 0.00160686 0.00199213 0.00239912 0.00283378 0.00329549 0.00377641 0.00426385 0.00255323
0.000460057 0.000857911 0.00123525 0.001611 0.0019975 0.00240583 0.00284191 0.00330511 0.00378759 0.00427659 0.00256377
0.000461019 0.00085985 0.00123824 0.00161514 0.00200288 0.00241253 0.00285003 0.00331474 0.00379876 0.00428933 0.00257431
0.00046198 0.00086179 0.00124124 0.00161927 0.00200826 0.00241924 0.00285816 0.00332436 0.00380993 0.00430206 0.00258484
0.000462941 0.000863729 0.00124423 0.00162341 0.00201363 0.00242594 0.00286629 0.00333399 0.0038211 0.0043148 0.00259537
0.000463902 0.000865668 0.00124723 0.00162755 0.002019 0.00243265 0.00287441 0.00334361 0.00383227 0.00432753 0.0026059
0.000464863 0.000867607 0.00125022 0.00163169 0.00202438 0.00243935 0.00288253 0.00335323 0.00384343 0.00434025 0.00261643
0.000465824 0.000869546 0.00125322 0.00163583 0.00202975 0.00244605 0.00289066 0.00336284 0.0038546 0.00435298 0.00262695
0.000466785 0.000871484 0.00125621 0.00163996 0.00203512 0.00245275 0.00289878 0.00337246 0.00386576 0.00436571 0.00263748
0.000467746 0.000873422 0.0012592 0.0016441 0.00204049 0.00245945 0.00290689 0.00338208 0.00387692 0.00437843 0.002648
0.000468707 0.00087536 0.00126219 0.00164823 0.00204586 0.00246615 0.00291501 0.00339169 0.00388808 0.00439115 0.00265852
0.000469667 0.000877298 0.00126519 0.00165237 0.00205123 0.00247285 0.00292313 0.0034013 0.00389924 0.00440387 0.00266903
0.000470628 0.000879236 0.00126818 0.0016565 0.0020566 0.00247955 0.00293124 0.00341091 0.00391039 0.00441658 0.00267955
0.000471589 0.000881174 0.00127117 0.00166064 0.00206197 0.00248624 0.00293936 0.00342052 0.00392155 0.0044293 0.00269006
0.000472549 0.000883111 0.00127416 0.00166477 0.00206733 0.00249294 0.00294747 0.00343013 0.0039327 0.00444201 0.00270057
0.00047351 0.000885048 0.00127715 0.0016689 0.0020727 0.00249963 0.00295558 0.00343973 0.00394385 0.00445472 0.00271108
0.00047447 0.000886985 0.00128014 0.00167304 0.00207806 0.00250632 0.00296369 0.00344934 0.00395499 0.00446743 0.00272158
0.00047543 0.000888922 0.00128313 0.00167717 0.00208343 0.00251301 0.0029718 0.00345894 0.00396614 0.00448014 0.00273208
0.00047639 0.000890859 0.00128612 0.0016813 0.00208879 0.0025197 0.00297991 0.00346854 0.00397728 0.00449284 0.00274259
0.000477351 0.000892795 0.00128911 0.00168543 0.00209416 0.00252639 0.00298802 0.00347814 0.00398843 0.00450554 0.00275308
0.000478311 0.000894732 0.0012921 0.00168956 0.00209952 0.00253308 0.00299612 0.00348774 0.00399957 0.00451824 0.00276358
0.000479271 0.000896668 0.00129509 0.00169369 0.00210488 0.00253977 0.00300423 0.00349733 0.00401071 0.00453094 0.00277408
0.000480231 0.000898604 0.00129808 0.00169782 0.00211024 0.00254646 0.00301233 0.00350693 0.00402184 0.00454363 0.00278457
0.000481191 0.00090054 0.00130107 0.00170195 0.0021156 0.00255314 0.00302043 0.00351652 0.00403298 0.00455633 0.00279506
0.00048215 0.000902475 0.00130405 0.00170608 0.00212096 0.00255983 0.00302853 0.00352611 0.00404411 0.00456902 0.00280555
0.00048311 0.000904411 0.00130704 0.0017102 0.00212632 0.00256651 0.00303663 0.0035357 0.00405524 0.00458171 0.00281603
0.00048407 0.000906346 0.00131003 0.00171433 0.00213168 0.00257319 0.00304473 0.00354529 0.00406637 0.0045944 0.00282652
0.000485029 0.000908281 0.00131301 0.00171846 0.00213703 0.00257987 0.00305282 0.00355488 0.0040775 0.00460708 0.002837
0.000485989 0.000910216 0.001316 0.00172258 0.00214239 0.00258656 0.00306092 0.00356446 0.00408863 0.00461976 0.00284748
0.000486948 0.00091215 0.00131899 0.00172671 0.00214775 0.00259323 0.00306901 0.00357405 0.00409975 0.00463244 0.00285796
0.000487908 0.000914085 0.00132197 0.00173083 0.0021531 0.00259991 0.0030771 0.00358363 0.00411087 0.00464512 0.00286843
0.000488867 0.000916019 0.00132496 0.00173496 0.00215845 0.00260659 0.00308519 0.00359321 0.00412199 0.0046578 0.0028789
0.000489826 0.000917953 0.00132794 0.00173908 0.00216381 0.00261327 0.00309328 0.00360279 0.00413311 0.00467047 0.00288937
0.000490786 0.000919887 0.00133093 0.0017432 0.00216916 0.00261994 0.00310137 0.00361237 0.00414423 0.00468315 0.00289984
0.000491745 0.000921821 0.00133391 0.00174733 0.00217451 0.00262662 0.00310946 0.00362194 0.00415534 0.00469582 0.00291031
0.000492704 0.000923754 0.0013369 0.00175145 0.00217986 0.00263329 0.00311754 0.00363152 0.00416646 0.00470848 0.00292077
0.000493663 0.000925688 0.00133988 0.00175557 0.00218521 0.00263996 0.00312563 0.00364109 0.00417757 0.00472115 0.00293124
0.000494622 0.000927621 0.00134286 0.00175969 0.00219056 0.00264663 0.00313371 0.00365066 0.00418868 0.00473381 0.0029417
0.000495581 0.000929554 0.00134585 0.00176381 0.00219591 0.0026533 0.00314179 0.00366023 0.00419978 0.00474647 0.00295215
0.000496539 0.000931487 0.00134883 0.00176793 0.00220126 0.00265997 0.00314987 0.0036698 0.00421089 0.00475913 0.00296261
0.000497498 0.000933419 0.00135181 0.00177205 0.0022066 0.00266664 0.00315795 0.00367936 0.00422199 0.00477179 0.00297306
0.000498457 0.000935352 0.00135479 0.00177617 0.00221195 0.00267331 0.00316603 0.00368893 0.00423309 0.00478445 0.00298351
0.000499415 0.000937284 0.00135777 0.00178029 0.00221729 0.00267997 0.00317411 0.00369849 0.00424419 0.0047971 0.00299396
0.000500374 0.000939216 0.00136075 0.00178441 0.00222264 0.00268664 0.00318218 0.00370805 0.00425529 0.00480975 0.00300441
0.000501332 0.000941148 0.00136374 0.00178852 0.00222798 0.0026933 0.00319026 0.00371761 0.00426639 0.0048224 0.00301485
0.000502291 0.000943079 0.00136672 0.00179264 0.00223332 0.00269996 0.00319833 0.00372717 0.00427748 0.00483504 0.00302529
0.000503249 0.000945011 0.0013697 0.00179675 0.00223867 0.00270663 0.0032064 0.00373673 0.00428857 0.00484769 0.00303573
0.000504207 0.000946942 0.00137268 0.00180087 0.00224401 0.00271329 0.00321447 0.00374628 0.00429966 0.00486033 0.00304617
0.000505165 0.000948873 0.00137565 0.00180498 0.00224935 0.00271995 0.00322254 0.00375584 0.00431075 0.00487297 0.0030566
0.000506123 0.000950804 0.00137863 0.0018091 0.00225469 0.0027266 0.0032306 0.00376539 0.00432184 0.00488561 0.00306703
0.000507081 0.000952735 0.00138161 0.00181321 0.00226003 0.00273326 0.00323867 0.00377494 0.00433292 0.00489824 0.00307746
0.000508039 0.000954665 0.00138459 0.00181733 0.00226536 0.00273992 0.00324674 0.00378449 0.00434401 0.00491088 0.00308789
0.000508997 0.000956595 0.00138757 0.00182144 0.0022707 0.00274657 0.0032548 0.00379403 0.00435509 0.00492351 0.00309832
0.000509955 0.000958525 0.00139055 0.00182555 0.00227604 0.00275323 0.00326286 0.00380358 0.00436617 0.00493614 0.00310874
0.000510912 0.000960455 0.00139352 0.00182966 0.00228137 0.00275988 0.00327092 0.00381312 0.00437724 0.00494876 0.00311916
0.00051187 0.000962385 0.0013965 0.00183377 0.00228671 0.00276653 0.00327898 0.00382266 0.00438832 0.00496139 0.00312958
0.000512828 0.000964315 0.00139948 0.00183788 0.00229204 0.00277318 0.00328704 0.0038322 0.00439939 0.00497401 0.00314
0.000513785 0.000966244 0.00140245 0.00184199 0.00229738 0.00277983 0.00329509 0.00384174 0.00441046 0.00498663 0.00315041
0.000514743 0.000968173 0.00140543 0.0018461 0.00230271 0.00278648 0.00330315 0.00385128 0.00442153 0.00499925 0.00316082
0.0005157 0.000970102 0.0014084 0.00185021 0.00230804 0.00279313 0.0033112 0.00386081 0.0044326 0.00501186 0.00317123
0.000516657 0.000972031 0.00141138 0.00185432 0.00231337 0.00279978 0.00331925 0.00387035 0.00444366 0.00502447 0.00318164
0.000517614 0.000973959 0.00141435 0.00185842 0.0023187 0.00280642 0.0033273 0.00387988 0.00445473 0.00503709 0.00319205
0.000518572 0.000975888 0.00141733 0.00186253 0.00232403 0.00281307 0.00333535 0.00388941 0.00446579 0.00504969 0.00320245
0.000519529 0.000977816 0.0014203 0.00186664 0.00232936 0.00281971 0.0033434 0.00389894 0.00447685 0.0050623 0.00321285
0.000520486 0.000979744 0.00142327 0.00187074 0.00233468 0.00282635 0.00335145 0.00390847 0.0044879 0.0050749 0.00322325
0.000521442 0.000981672 0.00142625 0.00187485 0.00234001 0.00283299 0.00335949 0.00391799 0.00449896 0.00508751 0.00323364
0.000522399 0.000983599 0.00142922 0.00187895 0.00234534 0.00283963 0.00336754 0.00392752 0.00451001 0.00510011 0.00324404
0.000523356 0.000985527 0.00143219 0.00188306 0.00235066 0.00284627 0.00337558 0.00393704 0.00452106 0.0051127 0.00325443
0.000524313 0.000987454 0.00143516 0.00188716 0.00235599 0.00285291 0.00338362 0.00394656 0.00453211 0.0051253 0.00326482
0.000525269 0.000989381 0.00143814 0.00189126 0.00236131 0.00285955 0.00339166 0.00395608 0.00454316 0.00513789 0.0032752
0.000526226 0.000991307 0.00144111 0.00189536 0.00236663 0.00286618 0.0033997 0.00396559 0.00455421 0.00515048 0.00328559
0.000527182 0.000993234 0.00144408 0.00189947 0.00237195 0.00287282 0.00340774 0.00397511 0.00456525 0.00516307 0.00329597
0.000528139 0.00099516 0.00144705 0.00190357 0.00237727 0.00287945 0.00341577 0.00398462 0.00457629 0.00517566 0.00330635
0.000529095 0.000997087 0.00145002 0.00190767 0.00238259 0.00288608 0.00342381 0.00399413 0.00458733 0.00518824 0.00331672
0.000530051 0.000999013 0.00145299 0.00191177 0.00238791 0.00289271 0.00343184 0.00400364 0.00459837 0.00520082 0.0033271
0.000531008 0.00100094 0.00145596 0.00191587 0.00239323 0.00289934 0.00343987 0.00401315 0.00460941 0.0052134 0.00333747
0.000531964 0.00100286 0.00145893 0.00191997 0.00239855 0.00290597 0.0034479 0.00402266 0.00462044 0.00522598 0.00334784
0.00053292 0.00100479 0.0014619 0.00192406 0.00240386 0.0029126 0.00345593 0.00403216 0.00463147 0.00523855 0.00335821
0.000533876 0.00100671 0.00146486 0.00192816 0.00240918 0.00291923 0.00346396 0.00404167 0.0046425 0.00525113 0.00336857
