9.83817e-05 0.000273961 0.00052784 0.00084966 0.0012292 0.00165622 0.00212085 0.00261364 0.00312582 0.003649 0.00416279
0.000106628 0.000294069 0.000563442 0.000903467 0.0013031 0.0017514 0.00223788 0.00275258 0.00328637 0.00383065 0.00436279
0.000114875 0.000314177 0.000599044 0.000957274 0.00137701 0.00184658 0.0023549 0.00289153 0.00344693 0.00401229 0.00456279
0.000123122 0.000334285 0.000634647 0.00101108 0.00145091 0.00194176 0.00247193 0.00303047 0.00360749 0.00419393 0.00476279
0.000131369 0.000354393 0.000670249 0.00106489 0.00152481 0.00203694 0.00258896 0.00316942 0.00376804 0.00437557 0.00496279
0.000139616 0.000374501 0.000705852 0.0011187 0.00159872 0.00213212 0.00270599 0.00330836 0.0039286 0.00455721 0.00516279
0.000147863 0.000394609 0.000741454 0.0011725 0.00167262 0.00222731 0.00282301 0.00344731 0.00408916 0.00473885 0.00536279
0.000156109 0.000414717 0.000777056 0.00122631 0.00174653 0.00232249 0.00294004 0.00358625 0.00424971 0.0049205 0.00556279
0.000164356 0.000434826 0.000812659 0.00128012 0.00182043 0.00241767 0.00305707 0.0037252 0.00441027 0.00510214 0.00576279
0.000172603 0.000454934 0.000848261 0.00133392 0.00189433 0.00251285 0.0031741 0.00386414 0.00457083 0.00528378 0.00596279
0.00018085 0.000475042 0.000883864 0.00138773 0.00196824 0.00260803 0.00329113 0.00400309 0.00473138 0.00546542 0.00616279
0.000189097 0.00049515 0.000919467 0.00144154 0.00204214 0.00270321 0.00340815 0.00414203 0.00489194 0.00564706 0.00636279
0.000197343 0.000515258 0.000955069 0.00149535 0.00211605 0.00279839 0.00352518 0.00428098 0.0050525 0.00582871 0.00656279
0.00020559 0.000535366 0.000990672 0.00154915 0.00218995 0.00289357 0.00364221 0.00441992 0.00521305 0.00601035 0.00676279
0.000213837 0.000555475 0.00102627 0.00160296 0.00226386 0.00298875 0.00375924 0.00455887 0.00537361 0.00619199 0.00696279
0.000222084 0.000575583 0.00106188 0.00165677 0.00233776 0.00308394 0.00387627 0.00469781 0.00553417 0.00637363 0.00716279
0.000230331 0.000595691 0.00109748 0.00171058 0.00241167 0.00317912 0.00399329 0.00483676 0.00569473 0.00655527 0.00736279
0.000238578 0.000615799 0.00113308 0.00176438 0.00248557 0.0032743 0.00411032 0.0049757 0.00585528 0.00673692 0.00756279
0.000246824 0.000635908 0.00116868 0.00181819 0.00255947 0.00336948 0.00422735 0.00511465 0.00601584 0.00691856 0.00776279
0.000255071 0.000656016 0.00120429 0.001872 0.00263338 0.00346466 0.00434438 0.0052536 0.0061764 0.0071002 0.00796279
0.000263318 0.000676124 0.00123989 0.00192581 0.00270728 0.00355984 0.00446141 0.00539254 0.00633695 0.00728184 0.00816279
0.000271565 0.000696232 0.00127549 0.00197961 0.00278119 0.00365502 0.00457844 0.00553149 0.00649751 0.00746348 0.00836279
0.000279812 0.000716341 0.0013111 0.00203342 0.00285509 0.00375021 0.00469546 0.00567043 0.00665807 0.00764513 0.00856279
0.000288059 0.000736449 0.0013467 0.00208723 0.002929 0.00384539 0.00481249 0.00580938 0.00681863 0.00782677 0.00876279
0.000296306 0.000756557 0.0013823 0.00214104 0.0030029 0.00394057 0.00492952 0.00594832 0.00697918 0.00800841 0.00896279
0.000304552 0.000776666 0.0014179 0.00219484 0.00307681 0.00403575 0.00504655 0.00608727 0.00713974 0.00819005 0.00916279
0.000312799 0.000796774 0.00145351 0.00224865 0.00315071 0.00413093 0.00516358 0.00622622 0.0073003 0.0083717 0.00936279
0.000321046 0.000816882 0.00148911 0.00230246 0.00322462 0.00422612 0.00528061 0.00636516 0.00746086 0.00855334 0.00956279
0.000329293 0.000836991 0.00152471 0.00235627 0.00329852 0.0043213 0.00539764 0.00650411 0.00762141 0.00873498 0.00976279
0.00033754 0.000857099 0.00156032 0.00241007 0.00337243 0.00441648 0.00551466 0.00664305 0.00778197 0.00891662 0.00996279
0.000345787 0.000877207 0.00159592 0.00246388 0.00344633 0.00451166 0.00563169 0.006782 0.00794253 0.00909826 0.0101628
0.000354034 0.000897316 0.00163152 0.00251769 0.00352024 0.00460684 0.00574872 0.00692094 0.00810308 0.00927991 0.0103628
0.00036228 0.000917424 0.00166712 0.0025715 0.00359414 0.00470203 0.00586575 0.00705989 0.00826364 0.00946155 0.0105628
0.000370527 0.000937532 0.00170273 0.00262531 0.00366805 0.00479721 0.00598278 0.00719884 0.0084242 0.00964319 0.0107628
0.000378774 0.000957641 0.00173833 0.00267911 0.00374195 0.00489239 0.00609981 0.00733778 0.00858476 0.00982483 0.0109628
0.000387021 0.000977749 0.00177393 0.00273292 0.00381586 0.00498757 0.00621684 0.00747673 0.00874532 0.0100065 0.0111628
0.000395268 0.000997858 0.00180954 0.00278673 0.00388976 0.00508275 0.00633387 0.00761568 0.00890587 0.0101881 0.0113628
0.000403515 0.00101797 0.00184514 0.00284054 0.00396367 0.00517794 0.0064509 0.00775462 0.00906643 0.0103698 0.0115628
0.000411762 0.00103807 0.00188074 0.00289435 0.00403757 0.00527312 0.00656793 0.00789357 0.00922699 0.0105514 0.0117628
0.000420009 0.00105818 0.00191635 0.00294816 0.00411148 0.0053683 0.00668495 0.00803251 0.00938755 0.010733 0.0119628
0.000428256 0.00107829 0.00195195 0.00300196 0.00418538 0.00546348 0.00680198 0.00817146 0.0095481 0.0109147 0.0121628
0.000436503 0.0010984 0.00198755 0.00305577 0.00425929 0.00555867 0.00691901 0.00831041 0.00970866 0.0110963 0.0123628
0.00044475 0.00111851 0.00202316 0.00310958 0.0043332 0.00565385 0.00703604 0.00844935 0.00986922 0.011278 0.0125628
0.000452996 0.00113862 0.00205876 0.00316339 0.0044071 0.00574903 0.00715307 0.0085883 0.0100298 0.0114596 0.0127628
0.000461243 0.00115873 0.00209436 0.0032172 0.00448101 0.00584421 0.0072701 0.00872725 0.0101903 0.0116413 0.0129628
0.00046949 0.00117883 0.00212997 0.00327101 0.00455491 0.0059394 0.00738713 0.00886619 0.0103509 0.0118229 0.0131628
0.000477737 0.00119894 0.00216557 0.00332481 0.00462882 0.00603458 0.00750416 0.00900514 0.0105115 0.0120045 0.0133628
0.000485984 0.00121905 0.00220117 0.00337862 0.00470272 0.00612976 0.00762119 0.00914409 0.010672 0.0121862 0.0135628
0.000494231 0.00123916 0.00223678 0.00343243 0.00477663 0.00622495 0.00773822 0.00928303 0.0108326 0.0123678 0.0137628
0.000502478 0.00125927 0.00227238 0.00348624 0.00485054 0.00632013 0.00785525 0.00942198 0.0109931 0.0125495 0.0139628
0.000510725 0.00127938 0.00230798 0.00354005 0.00492444 0.00641531 0.00797228 0.00956093 0.0111537 0.0127311 0.0141628
0.000518972 0.00129949 0.00234359 0.00359386 0.00499835 0.00651049 0.00808931 0.00969987 0.0113142 0.0129128 0.0143628
0.000527219 0.0013196 0.00237919 0.00364767 0.00507225 0.00660568 0.00820634 0.00983882 0.0114748 0.0130944 0.0145628
0.000535466 0.0013397 0.00241479 0.00370147 0.00514616 0.00670086 0.00832337 0.00997777 0.0116354 0.013276 0.0147628
0.000543713 0.00135981 0.0024504 0.00375528 0.00522007 0.00679604 0.0084404 0.0101167 0.0117959 0.0134577 0.0149628
0.00055196 0.00137992 0.002486 0.00380909 0.00529397 0.00689123 0.00855743 0.0102557 0.0119565 0.0136393 0.0151628
0.000560207 0.00140003 0.0025216 0.0038629 0.00536788 0.00698641 0.00867446 0.0103946 0.012117 0.013821 0.0153628
0.000568454 0.00142014 0.00255721 0.00391671 0.00544179 0.00708159 0.00879149 0.0105336 0.0122776 0.0140026 0.0155628
0.000576701 0.00144025 0.00259281 0.00397052 0.00551569 0.00717678 0.00890852 0.0106725 0.0124381 0.0141843 0.0157628
0.000584948 0.00146036 0.00262842 0.00402433 0.0055896 0.00727196 0.00902555 0.0108115 0.0125987 0.0143659 0.0159628
0.000593195 0.00148047 0.00266402 0.00407814 0.00566351 0.00736714 0.00914258 0.0109504 0.0127593 0.0145475 0.0161628
0.000601442 0.00150057 0.00269962 0.00413195 0.00573741 0.00746233 0.00925961 0.0110893 0.0129198 0.0147292 0.0163628
0.000609689 0.00152068 0.00273523 0.00418576 0.00581132 0.00755751 0.00937664 0.0112283 0.0130804 0.0149108 0.0165628
0.000617936 0.00154079 0.00277083 0.00423956 0.00588523 0.0076527 0.00949367 0.0113672 0.0132409 0.0150925 0.0167628
0.000626183 0.0015609 0.00280643 0.00429337 0.00595913 0.00774788 0.0096107 0.0115062 0.0134015 0.0152741 0.0169628
0.00063443 0.00158101 0.00284204 0.00434718 0.00603304 0.00784306 0.00972773 0.0116451 0.0135621 0.0154557 0.0171628
0.000642677 0.00160112 0.00287764 0.00440099 0.00610695 0.00793825 0.00984476 0.0117841 0.0137226 0.0156374 0.0173628
0.000650924 0.00162123 0.00291325 0.0044548 0.00618085 0.00803343 0.00996179 0.011923 0.0138832 0.015819 0.0175628
0.000659172 0.00164134 0.00294885 0.00450861 0.00625476 0.00812862 0.0100788 0.012062 0.0140437 0.0160007 0.0177628
0.000667419 0.00166145 0.00298445 0.00456242 0.00632867 0.0082238 0.0101959 0.0122009 0.0142043 0.0161823 0.0179628
0.000675666 0.00168155 0.00302006 0.00461623 0.00640257 0.00831898 0.0103129 0.0123399 0.0143649 0.016364 0.0181628
0.000683913 0.00170166 0.00305566 0.00467004 0.00647648 0.00841417 0.0104299 0.0124788 0.0145254 0.0165456 0.0183628
0.00069216 0.00172177 0.00309127 0.00472385 0.00655039 0.00850935 0.0105469 0.0126178 0.014686 0.0167272 0.0185628
0.000700407 0.00174188 0.00312687 0.00477766 0.0066243 0.00860454 0.010664 0.0127567 0.0148465 0.0169089 0.0187628
0.000708654 0.00176199 0.00316248 0.00483147 0.0066982 0.00869972 0.010781 0.0128957 0.0150071 0.0170905 0.0189628
0.000716901 0.0017821 0.00319808 0.00488528 0.00677211 0.00879491 0.010898 0.0130346 0.0151676 0.0172722 0.0191628
0.000725148 0.00180221 0.00323368 0.00493909 0.00684602 0.00889009 0.0110151 0.0131736 0.0153282 0.0174538 0.0193628
0.000733396 0.00182232 0.00326929 0.0049929 0.00691992 0.00898528 0.0111321 0.0133125 0.0154888 0.0176355 0.0195628
0.000741643 0.00184243 0.00330489 0.00504671 0.00699383 0.00908046 0.0112491 0.0134515 0.0156493 0.0178171 0.0197628
0.00074989 0.00186254 0.0033405 0.00510052 0.00706774 0.00917564 0.0113662 0.0135904 0.0158099 0.0179987 0.0199628
0.000758137 0.00188265 0.0033761 0.00515433 0.00714165 0.00927083 0.0114832 0.0137294 0.0159704 0.0181804 0.0201628
0.000766384 0.00190276 0.00341171 0.00520814 0.00721556 0.00936601 0.0116002 0.0138683 0.016131 0.018362 0.0203628
0.000774631 0.00192286 0.00344731 0.00526195 0.00728946 0.0094612 0.0117173 0.0140072 0.0162916 0.0185437 0.0205628
0.000782879 0.00194297 0.00348292 0.00531576 0.00736337 0.00955638 0.0118343 0.0141462 0.0164521 0.0187253 0.0207628
0.000791126 0.00196308 0.00351852 0.00536957 0.00743728 0.00965157 0.0119513 0.0142851 0.0166127 0.018907 0.0209628
0.000799373 0.00198319 0.00355412 0.00542338 0.00751119 0.00974676 0.0120684 0.0144241 0.0167732 0.0190886 0.0211628
0.00080762 0.0020033 0.00358973 0.00547719 0.0075851 0.00984194 0.0121854 0.014563 0.0169338 0.0192702 0.0213628
0.000815867 0.00202341 0.00362533 0.005531 0.007659 0.00993713 0.0123024 0.014702 0.0170944 0.0194519 0.0215628
0.000824115 0.00204352 0.00366094 0.00558481 0.00773291 0.0100323 0.0124195 0.0148409 0.0172549 0.0196335 0.0217628
0.000832362 0.00206363 0.00369654 0.00563862 0.00780682 0.0101275 0.0125365 0.0149799 0.0174155 0.0198152 0.0219628
0.000840609 0.00208374 0.00373215 0.00569243 0.00788073 0.0102227 0.0126535 0.0151188 0.017576 0.0199968 0.0221628
0.000848856 0.00210385 0.00376775 0.00574624 0.00795464 0.0103179 0.0127706 0.0152578 0.0177366 0.0201785 0.0223628
0.000857104 0.00212396 0.00380336 0.00580005 0.00802855 0.0104131 0.0128876 0.0153967 0.0178972 0.0203601 0.0225628
0.000865351 0.00214407 0.00383896 0.00585387 0.00810245 0.0105082 0.0130046 0.0155357 0.0180577 0.0205417 0.0227628
0.000873598 0.00216418 0.00387457 0.00590768 0.00817636 0.0106034 0.0131216 0.0156746 0.0182183 0.0207234 0.0229628
0.000881846 0.00218429 0.00391017 0.00596149 0.00825027 0.0106986 0.0132387 0.0158136 0.0183788 0.020905 0.0231628
0.000890093 0.0022044 0.00394578 0.0060153 0.00832418 0.0107938 0.0133557 0.0159525 0.0185394 0.0210867 0.0233628
0.00089834 0.00222451 0.00398138 0.00606911 0.00839809 0.010889 0.0134727 0.0160915 0.0186999 0.0212683 0.0235628
0.000906588 0.00224462 0.00401699 0.00612292 0.008472 0.0109842 0.0135898 0.0162304 0.0188605 0.02145 0.0237628
0.000914835 0.00226473 0.00405259 0.00617673 0.00854591 0.0110794 0.0137068 0.0163694 0.0190211 0.0216316 0.0239628
0.000923082 0.00228484 0.0040882 0.00623054 0.00861982 0.0111745 0.0138238 0.0165083 0.0191816 0.0218133 0.0241628
0.00093133 0.00230494 0.00412381 0.00628435 0.00869372 0.0112697 0.0139409 0.0166473 0.0193422 0.0219949 0.0243628
0.000939577 0.00232505 0.00415941 0.00633816 0.00876763 0.0113649 0.0140579 0.0167862 0.0195027 0.0221765 0.0245628
0.000947824 0.00234516 0.00419502 0.00639198 0.00884154 0.0114601 0.0141749 0.0169252 0.0196633 0.0223582 0.0247628
0.000956072 0.00236527 0.00423062 0.00644579 0.00891545 0.0115553 0.014292 0.0170641 0.0198239 0.0225398 0.0249628
0.000964319 0.00238538 0.00426623 0.0064996 0.00898936 0.0116505 0.014409 0.0172031 0.0199844 0.0227215 0.0251628
0.000972567 0.00240549 0.00430183 0.00655341 0.00906327 0.0117457 0.014526 0.017342 0.020145 0.0229031 0.0253628
0.000980814 0.0024256 0.00433744 0.00660722 0.00913718 0.0118408 0.0146431 0.017481 0.0203055 0.0230848 0.0255628
0.000989061 0.00244571 0.00437304 0.00666103 0.00921109 0.011936 0.0147601 0.0176199 0.0204661 0.0232664 0.0257628
0.000997309 0.00246582 0.00440865 0.00671485 0.009285 0.0120312 0.0148771 0.0177589 0.0206267 0.023448 0.0259628
0.00100556 0.00248593 0.00444426 0.00676866 0.00935891 0.0121264 0.0149942 0.0178978 0.0207872 0.0236297 0.0261628
0.0010138 0.00250604 0.00447986 0.00682247 0.00943282 0.0122216 0.0151112 0.0180368 0.0209478 0.0238113 0.0263628
0.00102205 0.00252615 0.00451547 0.00687628 0.00950673 0.0123168 0.0152282 0.0181757 0.0211083 0.023993 0.0265628
0.0010303 0.00254626 0.00455107 0.00693009 0.00958064 0.012412 0.0153453 0.0183147 0.0212689 0.0241746 0.0267628
0.00103855 0.00256637 0.00458668 0.00698391 0.00965455 0.0125072 0.0154623 0.0184536 0.0214295 0.0243563 0.0269628
0.00104679 0.00258648 0.00462228 0.00703772 0.00972846 0.0126023 0.0155793 0.0185926 0.02159 0.0245379 0.0271628
0.00105504 0.00260659 0.00465789 0.00709153 0.00980237 0.0126975 0.0156964 0.0187315 0.0217506 0.0247195 0.0273628
0.00106329 0.0026267 0.0046935 0.00714534 0.00987628 0.0127927 0.0158134 0.0188705 0.0219111 0.0249012 0.0275628
0.00107154 0.00264681 0.0047291 0.00719915 0.00995019 0.0128879 0.0159304 0.0190094 0.0220717 0.0250828 0.0277628
0.00107978 0.00266692 0.00476471 0.00725297 0.0100241 0.0129831 0.0160475 0.0191484 0.0222323 0.0252645 0.0279628
0.00108803 0.00268703 0.00480032 0.00730678 0.010098 0.0130783 0.0161645 0.0192873 0.0223928 0.0254461 0.0281628
0.00109628 0.00270715 0.00483592 0.00736059 0.0101719 0.0131735 0.0162816 0.0194263 0.0225534 0.0256278 0.0283628
0.00110453 0.00272726 0.00487153 0.0074144 0.0102458 0.0132687 0.0163986 0.0195652 0.022714 0.0258094 0.0285628
0.00111277 0.00274737 0.00490713 0.00746822 0.0103197 0.0133638 0.0165156 0.0197042 0.0228745 0.025991 0.0287628
0.00112102 0.00276748 0.00494274 0.00752203 0.0103937 0.013459 0.0166327 0.0198431 0.0230351 0.0261727 0.0289628
0.00112927 0.00278759 0.00497835 0.00757584 0.0104676 0.0135542 0.0167497 0.0199821 0.0231956 0.0263543 0.0291628
0.00113752 0.0028077 0.00501395 0.00762966 0.0105415 0.0136494 0.0168667 0.020121 0.0233562 0.026536 0.0293628
0.00114576 0.00282781 0.00504956 0.00768347 0.0106154 0.0137446 0.0169838 0.02026 0.0235168 0.0267176 0.0295628
0.00115401 0.00284792 0.00508517 0.00773728 0.0106893 0.0138398 0.0171008 0.0203989 0.0236773 0.0268993 0.0297628
0.00116226 0.00286803 0.00512077 0.00779109 0.0107632 0.013935 0.0172178 0.0205379 0.0238379 0.0270809 0.0299628
0.00117051 0.00288814 0.00515638 0.00784491 0.0108371 0.0140302 0.0173349 0.0206768 0.0239984 0.0272625 0.0301628
0.00117876 0.00290825 0.00519199 0.00789872 0.010911 0.0141254 0.0174519 0.0208158 0.024159 0.0274442 0.0303628
0.001187 0.00292836 0.00522759 0.00795253 0.0109849 0.0142205 0.0175689 0.0209547 0.0243196 0.0276258 0.0305628
0.00119525 0.00294847 0.0052632 0.00800635 0.0110589 0.0143157 0.017686 0.0210937 0.0244801 0.0278075 0.0307628
0.0012035 0.00296858 0.00529881 0.00806016 0.0111328 0.0144109 0.017803 0.0212326 0.0246407 0.0279891 0.0309628
0.00121175 0.00298869 0.00533441 0.00811397 0.0112067 0.0145061 0.01792 0.0213716 0.0248012 0.0281708 0.0311628
0.00121999 0.0030088 0.00537002 0.00816779 0.0112806 0.0146013 0.0180371 0.0215105 0.0249618 0.0283524 0.0313628
0.00122824 0.00302891 0.00540563 0.0082216 0.0113545 0.0146965 0.0181541 0.0216495 0.0251224 0.0285341 0.0315628
0.00123649 0.00304902 0.00544124 0.00827542 0.0114284 0.0147917 0.0182712 0.0217885 0.0252829 0.0287157 0.0317628
0.00124474 0.00306914 0.00547684 0.00832923 0.0115023 0.0148869 0.0183882 0.0219274 0.0254435 0.0288973 0.0319628
0.00125299 0.00308925 0.00551245 0.00838304 0.0115762 0.0149821 0.0185052 0.0220664 0.0256041 0.029079 0.0321628
0.00126123 0.00310936 0.00554806 0.00843686 0.0116502 0.0150772 0.0186223 0.0222053 0.0257646 0.0292606 0.0323628
0.00126948 0.00312947 0.00558366 0.00849067 0.0117241 0.0151724 0.0187393 0.0223443 0.0259252 0.0294423 0.0325628
0.00127773 0.00314958 0.00561927 0.00854449 0.011798 0.0152676 0.0188563 0.0224832 0.0260857 0.0296239 0.0327628
0.00128598 0.00316969 0.00565488 0.0085983 0.0118719 0.0153628 0.0189734 0.0226222 0.0262463 0.0298056 0.0329628
0.00129422 0.0031898 0.00569049 0.00865211 0.0119458 0.015458 0.0190904 0.0227611 0.0264069 0.0299872 0.0331628
0.00130247 0.00320991 0.00572609 0.00870593 0.0120197 0.0155532 0.0192074 0.0229001 0.0265674 0.0301688 0.0333628
0.00131072 0.00323002 0.0057617 0.00875974 0.0120936 0.0156484 0.0193245 0.023039 0.026728 0.0303505 0.0335628
0.00131897 0.00325013 0.00579731 0.00881356 0.0121675 0.0157436 0.0194415 0.023178 0.0268885 0.0305321 0.0337628
0.00132722 0.00327025 0.00583292 0.00886737 0.0122415 0.0158388 0.0195586 0.0233169 0.0270491 0.0307138 0.0339628
0.00133546 0.00329036 0.00586853 0.00892119 0.0123154 0.015934 0.0196756 0.0234559 0.0272097 0.0308954 0.0341628
0.00134371 0.00331047 0.00590413 0.008975 0.0123893 0.0160292 0.0197926 0.0235948 0.0273702 0.0310771 0.0343628
0.00135196 0.00333058 0.00593974 0.00902882 0.0124632 0.0161243 0.0199097 0.0237338 0.0275308 0.0312587 0.0345628
0.00136021 0.00335069 0.00597535 0.00908263 0.0125371 0.0162195 0.0200267 0.0238727 0.0276914 0.0314404 0.0347628
0.00136846 0.0033708 0.00601096 0.00913645 0.012611 0.0163147 0.0201437 0.0240117 0.0278519 0.031622 0.0349628
0.0013767 0.00339091 0.00604657 0.00919026 0.0126849 0.0164099 0.0202608 0.0241506 0.0280125 0.0318036 0.0351628
0.00138495 0.00341102 0.00608217 0.00924408 0.0127588 0.0165051 0.0203778 0.0242896 0.028173 0.0319853 0.0353628
0.0013932 0.00343114 0.00611778 0.00929789 0.0128328 0.0166003 0.0204948 0.0244285 0.0283336 0.0321669 0.0355628
0.00140145 0.00345125 0.00615339 0.00935171 0.0129067 0.0166955 0.0206119 0.0245675 0.0284942 0.0323486 0.0357628
0.0014097 0.00347136 0.006189 0.00940552 0.0129806 0.0167907 0.0207289 0.0247065 0.0286547 0.0325302 0.0359628
0.00141795 0.00349147 0.00622461 0.00945934 0.0130545 0.0168859 0.020846 0.0248454 0.0288153 0.0327119 0.0361628
0.00142619 0.00351158 0.00626022 0.00951315 0.0131284 0.0169811 0.020963 0.0249844 0.0289759 0.0328935 0.0363628
0.00143444 0.00353169 0.00629582 0.00956697 0.0132023 0.0170763 0.02108 0.0251233 0.0291364 0.0330751 0.0365628
0.00144269 0.00355181 0.00633143 0.00962078 0.0132762 0.0171714 0.0211971 0.0252623 0.029297 0.0332568 0.0367628
0.00145094 0.00357192 0.00636704 0.0096746 0.0133502 0.0172666 0.0213141 0.0254012 0.0294575 0.0334384 0.0369628
0.00145919 0.00359203 0.00640265 0.00972842 0.0134241 0.0173618 0.0214312 0.0255402 0.0296181 0.0336201 0.0371628
0.00146743 0.00361214 0.00643826 0.00978223 0.013498 0.017457 0.0215482 0.0256791 0.0297787 0.0338017 0.0373628
0.00147568 0.00363225 0.00647387 0.00983605 0.0135719 0.0175522 0.0216652 0.0258181 0.0299392 0.0339834 0.0375628
0.00148393 0.00365236 0.00650948 0.00988986 0.0136458 0.0176474 0.0217823 0.025957 0.0300998 0.034165 0.0377628
0.00149218 0.00367248 0.00654509 0.00994368 0.0137197 0.0177426 0.0218993 0.026096 0.0302604 0.0343467 0.0379628
0.00150043 0.00369259 0.00658069 0.0099975 0.0137937 0.0178378 0.0220163 0.0262349 0.0304209 0.0345283 0.0381628
0.00150868 0.0037127 0.0066163 0.0100513 0.0138676 0.017933 0.0221334 0.0263739 0.0305815 0.0347099 0.0383628
0.00151692 0.00373281 0.00665191 0.0101051 0.0139415 0.0180282 0.0222504 0.0265129 0.030742 0.0348916 0.0385628
0.00152517 0.00375292 0.00668752 0.0101589 0.0140154 0.0181234 0.0223675 0.0266518 0.0309026 0.0350732 0.0387628
0.00153342 0.00377304 0.00672313 0.0102128 0.0140893 0.0182186 0.0224845 0.0267908 0.0310632 0.0352549 0.0389628
0.00154167 0.00379315 0.00675874 0.0102666 0.0141632 0.0183138 0.0226015 0.0269297 0.0312237 0.0354365 0.0391628
0.00154992 0.00381326 0.00679435 0.0103204 0.0142371 0.0184089 0.0227186 0.0270687 0.0313843 0.0356182 0.0393628
0.00155817 0.00383337 0.00682996 0.0103742 0.0143111 0.0185041 0.0228356 0.0272076 0.0315449 0.0357998 0.0395628
0.00156641 0.00385349 0.00686557 0.010428 0.014385 0.0185993 0.0229527 0.0273466 0.0317054 0.0359815 0.0397628
0.00157466 0.0038736 0.00690118 0.0104818 0.0144589 0.0186945 0.0230697 0.0274855 0.031866 0.0361631 0.0399628
0.00158291 0.00389371 0.00693679 0.0105357 0.0145328 0.0187897 0.0231867 0.0276245 0.0320265 0.0363447 0.0401628
0.00159116 0.00391382 0.0069724 0.0105895 0.0146067 0.0188849 0.0233038 0.0277634 0.0321871 0.0365264 0.0403628
0.00159941 0.00393393 0.00700801 0.0106433 0.0146806 0.0189801 0.0234208 0.0279024 0.0323477 0.036708 0.0405628
0.00160766 0.00395405 0.00704362 0.0106971 0.0147546 0.0190753 0.0235379 0.0280414 0.0325082 0.0368897 0.0407628
0.0016159 0.00397416 0.00707923 0.0107509 0.0148285 0.0191705 0.0236549 0.0281803 0.0326688 0.0370713 0.0409628
0.00162415 0.00399427 0.00711484 0.0108048 0.0149024 0.0192657 0.0237719 0.0283193 0.0328294 0.037253 0.0411628
0.0016324 0.00401438 0.00715045 0.0108586 0.0149763 0.0193609 0.023889 0.0284582 0.0329899 0.0374346 0.0413628
0.00164065 0.0040345 0.00718606 0.0109124 0.0150502 0.0194561 0.024006 0.0285972 0.0331505 0.0376162 0.0415628
0.0016489 0.00405461 0.00722167 0.0109662 0.0151241 0.0195513 0.0241231 0.0287361 0.0333111 0.0377979 0.0417628
0.00165715 0.00407472 0.00725728 0.01102 0.0151981 0.0196465 0.0242401 0.0288751 0.0334716 0.0379795 0.0419628
0.0016654 0.00409484 0.00729289 0.0110738 0.015272 0.0197417 0.0243571 0.029014 0.0336322 0.0381612 0.0421628
0.00167365 0.00411495 0.0073285 0.0111277 0.0153459 0.0198369 0.0244742 0.029153 0.0337927 0.0383428 0.0423628
0.00168189 0.00413506 0.00736411 0.0111815 0.0154198 0.0199321 0.0245912 0.029292 0.0339533 0.0385245 0.0425628
0.00169014 0.00415517 0.00739972 0.0112353 0.0154937 0.0200272 0.0247083 0.0294309 0.0341139 0.0387061 0.0427628
0.00169839 0.00417529 0.00743533 0.0112891 0.0155676 0.0201224 0.0248253 0.0295699 0.0342744 0.0388878 0.0429628
0.00170664 0.0041954 0.00747094 0.0113429 0.0156416 0.0202176 0.0249423 0.0297088 0.034435 0.0390694 0.0431628
0.00171489 0.00421551 0.00750655 0.0113968 0.0157155 0.0203128 0.0250594 0.0298478 0.0345956 0.039251 0.0433628
0.00172314 0.00423563 0.00754216 0.0114506 0.0157894 0.020408 0.0251764 0.0299867 0.0347561 0.0394327 0.0435628
0.00173139 0.00425574 0.00757777 0.0115044 0.0158633 0.0205032 0.0252935 0.0301257 0.0349167 0.0396143 0.0437628
0.00173963 0.00427585 0.00761339 0.0115582 0.0159372 0.0205984 0.0254105 0.0302647 0.0350773 0.039796 0.0439628
0.00174788 0.00429597 0.007649 0.011612 0.0160111 0.0206936 0.0255276 0.0304036 0.0352378 0.0399776 0.0441628
0.00175613 0.00431608 0.00768461 0.0116658 0.0160851 0.0207888 0.0256446 0.0305426 0.0353984 0.0401593 0.0443628
0.00176438 0.00433619 0.00772022 0.0117197 0.016159 0.020884 0.0257616 0.0306815 0.035559 0.0403409 0.0445628
0.00177263 0.00435631 0.00775583 0.0117735 0.0162329 0.0209792 0.0258787 0.0308205 0.0357195 0.0405226 0.0447628
0.00178088 0.00437642 0.00779144 0.0118273 0.0163068 0.0210744 0.0259957 0.0309594 0.0358801 0.0407042 0.0449628
0.00178913 0.00439653 0.00782705 0.0118811 0.0163807 0.0211696 0.0261128 0.0310984 0.0360406 0.0408858 0.0451628
0.00179738 0.00441665 0.00786266 0.0119349 0.0164547 0.0212648 0.0262298 0.0312373 0.0362012 0.0410675 0.0453628
0.00180563 0.00443676 0.00789828 0.0119888 0.0165286 0.02136 0.0263468 0.0313763 0.0363618 0.0412491 0.0455628
0.00181387 0.00445687 0.00793389 0.0120426 0.0166025 0.0214552 0.0264639 0.0315153 0.0365223 0.0414308 0.0457628
0.00182212 0.00447699 0.0079695 0.0120964 0.0166764 0.0215504 0.0265809 0.0316542 0.0366829 0.0416124 0.0459628
0.00183037 0.0044971 0.00800511 0.0121502 0.0167503 0.0216456 0.026698 0.0317932 0.0368435 0.0417941 0.0461628
0.00183862 0.00451721 0.00804072 0.012204 0.0168243 0.0217408 0.026815 0.0319321 0.037004 0.0419757 0.0463628
0.00184687 0.00453733 0.00807633 0.0122579 0.0168982 0.021836 0.0269321 0.0320711 0.0371646 0.0421574 0.0465628
0.00185512 0.00455744 0.00811195 0.0123117 0.0169721 0.0219312 0.0270491 0.03221 0.0373252 0.042339 0.0467628
0.00186337 0.00457755 0.00814756 0.0123655 0.017046 0.0220264 0.0271661 0.032349 0.0374857 0.0425206 0.0469628
0.00187162 0.00459767 0.00818317 0.0124193 0.0171199 0.0221216 0.0272832 0.032488 0.0376463 0.0427023 0.0471628
0.00187987 0.00461778 0.00821878 0.0124731 0.0171939 0.0222168 0.0274002 0.0326269 0.0378069 0.0428839 0.0473628
0.00188812 0.0046379 0.0082544 0.012527 0.0172678 0.022312 0.0275173 0.0327659 0.0379674 0.0430656 0.0475628
0.00189637 0.00465801 0.00829001 0.0125808 0.0173417 0.0224072 0.0276343 0.0329048 0.038128 0.0432472 0.0477628
0.00190461 0.00467812 0.00832562 0.0126346 0.0174156 0.0225024 0.0277514 0.0330438 0.0382886 0.0434289 0.0479628
0.00191286 0.00469824 0.00836123 0.0126884 0.0174895 0.0225976 0.0278684 0.0331828 0.0384491 0.0436105 0.0481628
0.00192111 0.00471835 0.00839685 0.0127422 0.0175635 0.0226928 0.0279855 0.0333217 0.0386097 0.0437922 0.0483628
0.00192936 0.00473847 0.00843246 0.0127961 0.0176374 0.022788 0.0281025 0.0334607 0.0387703 0.0439738 0.0485628
0.00193761 0.00475858 0.00846807 0.0128499 0.0177113 0.0228832 0.0282195 0.0335996 0.0389308 0.0441554 0.0487628
0.00194586 0.0047787 0.00850368 0.0129037 0.0177852 0.0229784 0.0283366 0.0337386 0.0390914 0.0443371 0.0489628
0.00195411 0.00479881 0.0085393 0.0129575 0.0178591 0.0230736 0.0284536 0.0338775 0.0392519 0.0445187 0.0491628
0.00196236 0.00481892 0.00857491 0.0130114 0.0179331 0.0231687 0.0285707 0.0340165 0.0394125 0.0447004 0.0493628
0.00197061 0.00483904 0.00861052 0.0130652 0.018007 0.0232639 0.0286877 0.0341555 0.0395731 0.044882 0.0495628
0.00197886 0.00485915 0.00864614 0.013119 0.0180809 0.0233591 0.0288048 0.0342944 0.0397336 0.0450637 0.0497628
0.00198711 0.00487927 0.00868175 0.0131728 0.0181548 0.0234543 0.0289218 0.0344334 0.0398942 0.0452453 0.0499628
0.00199536 0.00489938 0.00871736 0.0132266 0.0182287 0.0235495 0.0290389 0.0345723 0.0400548 0.045427 0.0501628
0.00200361 0.0049195 0.00875298 0.0132805 0.0183027 0.0236447 0.0291559 0.0347113 0.0402153 0.0456086 0.0503628
0.00201186 0.00493961 0.00878859 0.0133343 0.0183766 0.0237399 0.0292729 0.0348503 0.0403759 0.0457902 0.0505628
0.00202011 0.00495973 0.0088242 0.0133881 0.0184505 0.0238351 0.02939 0.0349892 0.0405365 0.0459719 0.0507628
0.00202836 0.00497984 0.00885982 0.0134419 0.0185244 0.0239303 0.029507 0.0351282 0.040697 0.0461535 0.0509628
0.00203661 0.00499996 0.00889543 0.0134958 0.0185984 0.0240255 0.0296241 0.0352671 0.0408576 0.0463352 0.0511628
0.00204485 0.00502007 0.00893104 0.0135496 0.0186723 0.0241207 0.0297411 0.0354061 0.0410182 0.0465168 0.0513628
0.0020531 0.00504019 0.00896666 0.0136034 0.0187462 0.0242159 0.0298582 0.0355451 0.0411787 0.0466985 0.0515628
0.00206135 0.0050603 0.00900227 0.0136572 0.0188201 0.0243111 0.0299752 0.035684 0.0413393 0.0468801 0.0517628
0.0020696 0.00508042 0.00903789 0.013711 0.018894 0.0244063 0.0300923 0.035823 0.0414999 0.0470618 0.0519628
0.00207785 0.00510053 0.0090735 0.0137649 0.018968 0.0245015 0.0302093 0.0359619 0.0416604 0.0472434 0.0521628
0.0020861 0.00512065 0.00910911 0.0138187 0.0190419 0.0245967 0.0303264 0.0361009 0.041821 0.047425 0.0523628
0.00209435 0.00514076 0.00914473 0.0138725 0.0191158 0.0246919 0.0304434 0.0362399 0.0419816 0.0476067 0.0525628
0.0021026 0.00516088 0.00918034 0.0139263 0.0191897 0.0247872 0.0305605 0.0363788 0.0421421 0.0477883 0.0527628
0.00211085 0.00518099 0.00921596 0.0139802 0.0192637 0.0248824 0.0306775 0.0365178 0.0423027 0.04797 0.0529628
0.0021191 0.00520111 0.00925157 0.014034 0.0193376 0.0249776 0.0307945 0.0366567 0.0424633 0.0481516 0.0531628
0.00212735 0.00522122 0.00928719 0.0140878 0.0194115 0.0250728 0.0309116 0.0367957 0.0426238 0.0483333 0.0533628
0.0021356 0.00524134 0.0093228 0.0141416 0.0194854 0.025168 0.0310286 0.0369347 0.0427844 0.0485149 0.0535628
0.00214385 0.00526145 0.00935842 0.0141955 0.0195594 0.0252632 0.0311457 0.0370736 0.042945 0.0486966 0.0537628
0.0021521 0.00528157 0.00939403 0.0142493 0.0196333 0.0253584 0.0312627 0.0372126 0.0431055 0.0488782 0.0539628
0.00216035 0.00530168 0.00942965 0.0143031 0.0197072 0.0254536 0.0313798 0.0373515 0.0432661 0.0490599 0.0541628
0.0021686 0.0053218 0.00946526 0.0143569 0.0197811 0.0255488 0.0314968 0.0374905 0.0434267 0.0492415 0.0543628
0.00217685 0.00534192 0.00950088 0.0144108 0.0198551 0.025644 0.0316139 0.0376295 0.0435872 0.0494231 0.0545628
0.0021851 0.00536203 0.00953649 0.0144646 0.019929 0.0257392 0.0317309 0.0377684 0.0437478 0.0496048 0.0547628
0.00219335 0.00538215 0.00957211 0.0145184 0.0200029 0.0258344 0.031848 0.0379074 0.0439084 0.0497864 0.0549628
0.0022016 0.00540226 0.00960772 0.0145722 0.0200768 0.0259296 0.031965 0.0380464 0.0440689 0.0499681 0.0551628
0.00220985 0.00542238 0.00964334 0.0146261 0.0201508 0.0260248 0.0320821 0.0381853 0.0442295 0.0501497 0.0553628
0.0022181 0.0054425 0.00967895 0.0146799 0.0202247 0.02612 0.0321991 0.0383243 0.0443901 0.0503314 0.0555628
0.00222635 0.00546261 0.00971457 0.0147337 0.0202986 0.0262152 0.0323162 0.0384632 0.0445506 0.050513 0.0557628
0.0022346 0.00548273 0.00975019 0.0147875 0.0203725 0.0263104 0.0324332 0.0386022 0.0447112 0.0506947 0.0559628
0.00224285 0.00550284 0.0097858 0.0148414 0.0204465 0.0264056 0.0325503 0.0387412 0.0448718 0.0508763 0.0561628
0.0022511 0.00552296 0.00982142 0.0148952 0.0205204 0.0265008 0.0326673 0.0388801 0.0450323 0.0510579 0.0563628
0.00225935 0.00554308 0.00985703 0.014949 0.0205943 0.026596 0.0327844 0.0390191 0.0451929 0.0512396 0.0565628
0.0022676 0.00556319 0.00989265 0.0150028 0.0206682 0.0266912 0.0329014 0.0391581 0.0453535 0.0514212 0.0567628
0.00227585 0.00558331 0.00992827 0.0150567 0.0207422 0.0267864 0.0330185 0.039297 0.0455141 0.0516029 0.0569628
0.0022841 0.00560343 0.00996388 0.0151105 0.0208161 0.0268816 0.0331355 0.039436 0.0456746 0.0517845 0.0571628
0.00229235 0.00562354 0.0099995 0.0151643 0.02089 0.0269768 0.0332526 0.0395749 0.0458352 0.0519662 0.0573628
0.0023006 0.00564366 0.0100351 0.0152181 0.0209639 0.027072 0.0333696 0.0397139 0.0459958 0.0521478 0.0575628
0.00230885 0.00566378 0.0100707 0.015272 0.0210379 0.0271672 0.0334867 0.0398529 0.0461563 0.0523295 0.0577628
0.0023171 0.00568389 0.0101063 0.0153258 0.0211118 0.0272624 0.0336037 0.0399918 0.0463169 0.0525111 0.0579628
0.00232535 0.00570401 0.010142 0.0153796 0.0211857 0.0273576 0.0337208 0.0401308 0.0464775 0.0526928 0.0581628
0.0023336 0.00572413 0.0101776 0.0154334 0.0212596 0.0274528 0.0338378 0.0402698 0.046638 0.0528744 0.0583628
0.00234185 0.00574424 0.0102132 0.0154873 0.0213336 0.027548 0.0339549 0.0404087 0.0467986 0.053056 0.0585628
0.00235011 0.00576436 0.0102488 0.0155411 0.0214075 0.0276432 0.0340719 0.0405477 0.0469592 0.0532377 0.0587628
0.00235836 0.00578448 0.0102844 0.0155949 0.0214814 0.0277385 0.034189 0.0406866 0.0471197 0.0534193 0.0589628
0.00236661 0.00580459 0.01032 0.0156487 0.0215554 0.0278337 0.034306 0.0408256 0.0472803 0.053601 0.0591628
0.00237486 0.00582471 0.0103557 0.0157026 0.0216293 0.0279289 0.0344231 0.0409646 0.0474409 0.0537826 0.0593628
0.00238311 0.00584483 0.0103913 0.0157564 0.0217032 0.0280241 0.0345401 0.0411035 0.0476014 0.0539643 0.0595628
0.00239136 0.00586494 0.0104269 0.0158102 0.0217771 0.0281193 0.0346572 0.0412425 0.047762 0.0541459 0.0597628
0.00239961 0.00588506 0.0104625 0.0158641 0.0218511 0.0282145 0.0347742 0.0413815 0.0479226 0.0543276 0.0599628
0.00240786 0.00590518 0.0104981 0.0159179 0.021925 0.0283097 0.0348913 0.0415204 0.0480831 0.0545092 0.0601628
0.00241611 0.0059253 0.0105338 0.0159717 0.0219989 0.0284049 0.0350083 0.0416594 0.0482437 0.0546908 0.0603628
0.00242436 0.00594541 0.0105694 0.0160255 0.0220729 0.0285001 0.0351254 0.0417984 0.0484043 0.0548725 0.0605628
0.00243261 0.00596553 0.010605 0.0160794 0.0221468 0.0285953 0.0352424 0.0419373 0.0485649 0.0550541 0.0607628
0.00244086 0.00598565 0.0106406 0.0161332 0.0222207 0.0286905 0.0353595 0.0420763 0.0487254 0.0552358 0.0609628
0.00244911 0.00600577 0.0106762 0.016187 0.0222946 0.0287857 0.0354765 0.0422152 0.048886 0.0554174 0.0611628
0.00245736 0.00602588 0.0107118 0.0162409 0.0223686 0.0288809 0.0355936 0.0423542 0.0490466 0.0555991 0.0613628
0.00246561 0.006046 0.0107475 0.0162947 0.0224425 0.0289761 0.0357106 0.0424932 0.0492071 0.0557807 0.0615628
0.00247387 0.00606612 0.0107831 0.0163485 0.0225164 0.0290713 0.0358277 0.0426321 0.0493677 0.0559624 0.0617628
0.00248212 0.00608624 0.0108187 0.0164023 0.0225904 0.0291666 0.0359447 0.0427711 0.0495283 0.056144 0.0619628
0.00249037 0.00610636 0.0108543 0.0164562 0.0226643 0.0292618 0.0360618 0.0429101 0.0496888 0.0563257 0.0621628
0.00249862 0.00612647 0.0108899 0.01651 0.0227382 0.029357 0.0361788 0.043049 0.0498494 0.0565073 0.0623628
0.00250687 0.00614659 0.0109256 0.0165638 0.0228121 0.0294522 0.0362959 0.043188 0.05001 0.0566889 0.0625628
0.00251512 0.00616671 0.0109612 0.0166177 0.0228861 0.0295474 0.0364129 0.043327 0.0501706 0.0568706 0.0627628
0.00252337 0.00618683 0.0109968 0.0166715 0.02296 0.0296426 0.03653 0.0434659 0.0503311 0.0570522 0.0629628
0.00253162 0.00620695 0.0110324 0.0167253 0.0230339 0.0297378 0.0366471 0.0436049 0.0504917 0.0572339 0.0631628
0.00253987 0.00622706 0.011068 0.0167791 0.0231079 0.029833 0.0367641 0.0437439 0.0506523 0.0574155 0.0633628
0.00254812 0.00624718 0.0111037 0.016833 0.0231818 0.0299282 0.0368812 0.0438828 0.0508128 0.0575972 0.0635628
0.00255638 0.0062673 0.0111393 0.0168868 0.0232557 0.0300234 0.0369982 0.0440218 0.0509734 0.0577788 0.0637628
0.00256463 0.00628742 0.0111749 0.0169406 0.0233297 0.0301186 0.0371153 0.0441608 0.051134 0.0579605 0.0639628
0.00257288 0.00630754 0.0112105 0.0169945 0.0234036 0.0302138 0.0372323 0.0442997 0.0512945 0.0581421 0.0641628
0.00258113 0.00632766 0.0112461 0.0170483 0.0234775 0.0303091 0.0373494 0.0444387 0.0514551 0.0583238 0.0643628
0.00258938 0.00634778 0.0112818 0.0171021 0.0235515 0.0304043 0.0374664 0.0445777 0.0516157 0.0585054 0.0645628
0.00259763 0.00636789 0.0113174 0.017156 0.0236254 0.0304995 0.0375835 0.0447166 0.0517763 0.058687 0.0647628
0.00260588 0.00638801 0.011353 0.0172098 0.0236993 0.0305947 0.0377005 0.0448556 0.0519368 0.0588687 0.0649628
0.00261413 0.00640813 0.0113886 0.0172636 0.0237732 0.0306899 0.0378176 0.0449946 0.0520974 0.0590503 0.0651628
0.00262239 0.00642825 0.0114242 0.0173174 0.0238472 0.0307851 0.0379346 0.0451335 0.052258 0.059232 0.0653628
0.00263064 0.00644837 0.0114599 0.0173713 0.0239211 0.0308803 0.0380517 0.0452725 0.0524185 0.0594136 0.0655628
0.00263889 0.00646849 0.0114955 0.0174251 0.023995 0.0309755 0.0381688 0.0454115 0.0525791 0.0595953 0.0657628
0.00264714 0.00648861 0.0115311 0.0174789 0.024069 0.0310707 0.0382858 0.0455504 0.0527397 0.0597769 0.0659628
0.00265539 0.00650873 0.0115667 0.0175328 0.0241429 0.0311659 0.0384029 0.0456894 0.0529002 0.0599586 0.0661628
0.00266364 0.00652885 0.0116023 0.0175866 0.0242168 0.0312612 0.0385199 0.0458284 0.0530608 0.0601402 0.0663628
0.00267189 0.00654897 0.011638 0.0176404 0.0242908 0.0313564 0.038637 0.0459673 0.0532214 0.0603219 0.0665628
0.00268015 0.00656908 0.0116736 0.0176943 0.0243647 0.0314516 0.038754 0.0461063 0.053382 0.0605035 0.0667628
0.0026884 0.0065892 0.0117092 0.0177481 0.0244386 0.0315468 0.0388711 0.0462453 0.0535425 0.0606851 0.0669628
0.00269665 0.00660932 0.0117448 0.0178019 0.0245126 0.031642 0.0389882 0.0463842 0.0537031 0.0608668 0.0671628
0.0027049 0.00662944 0.0117804 0.0178558 0.0245865 0.0317372 0.0391052 0.0465232 0.0538637 0.0610484 0.0673628
0.00271315 0.00664956 0.0118161 0.0179096 0.0246604 0.0318324 0.0392223 0.0466622 0.0540242 0.0612301 0.0675628
0.0027214 0.00666968 0.0118517 0.0179634 0.0247344 0.0319276 0.0393393 0.0468011 0.0541848 0.0614117 0.0677628
0.00272966 0.0066898 0.0118873 0.0180173 0.0248083 0.0320228 0.0394564 0.0469401 0.0543454 0.0615934 0.0679628
0.00273791 0.00670992 0.0119229 0.0180711 0.0248822 0.0321181 0.0395734 0.0470791 0.054506 0.061775 0.0681628
0.00274616 0.00673004 0.0119585 0.0181249 0.0249562 0.0322133 0.0396905 0.0472181 0.0546665 0.0619567 0.0683628
0.00275441 0.00675016 0.0119942 0.0181788 0.0250301 0.0323085 0.0398075 0.047357 0.0548271 0.0621383 0.0685628
0.00276266 0.00677028 0.0120298 0.0182326 0.0251041 0.0324037 0.0399246 0.047496 0.0549877 0.06232 0.0687628
0.00277092 0.0067904 0.0120654 0.0182864 0.025178 0.0324989 0.0400417 0.047635 0.0551482 0.0625016 0.0689628
0.00277917 0.00681052 0.012101 0.0183403 0.0252519 0.0325941 0.0401587 0.0477739 0.0553088 0.0626832 0.0691628
0.00278742 0.00683064 0.0121367 0.0183941 0.0253259 0.0326893 0.0402758 0.0479129 0.0554694 0.0628649 0.0693628
0.00279567 0.00685076 0.0121723 0.0184479 0.0253998 0.0327846 0.0403928 0.0480519 0.05563 0.0630465 0.0695628
0.00280392 0.00687088 0.0122079 0.0185018 0.0254737 0.0328798 0.0405099 0.0481908 0.0557905 0.0632282 0.0697628
0.00281218 0.006891 0.0122435 0.0185556 0.0255477 0.032975 0.040627 0.0483298 0.0559511 0.0634098 0.0699628
0.00282043 0.00691112 0.0122791 0.0186094 0.0256216 0.0330702 0.040744 0.0484688 0.0561117 0.0635915 0.0701628
0.00282868 0.00693124 0.0123148 0.0186633 0.0256955 0.0331654 0.0408611 0.0486077 0.0562723 0.0637731 0.0703628
0.00283693 0.00695137 0.0123504 0.0187171 0.0257695 0.0332606 0.0409781 0.0487467 0.0564328 0.0639548 0.0705628
0.00284518 0.00697149 0.012386 0.0187709 0.0258434 0.0333558 0.0410952 0.0488857 0.0565934 0.0641364 0.0707628
0.00285344 0.00699161 0.0124216 0.0188248 0.0259173 0.0334511 0.0412122 0.0490247 0.056754 0.0643181 0.0709628
0.00286169 0.00701173 0.0124573 0.0188786 0.0259913 0.0335463 0.0413293 0.0491636 0.0569145 0.0644997 0.0711628
0.00286994 0.00703185 0.0124929 0.0189324 0.0260652 0.0336415 0.0414464 0.0493026 0.0570751 0.0646813 0.0713628
0.00287819 0.00705197 0.0125285 0.0189863 0.0261392 0.0337367 0.0415634 0.0494416 0.0572357 0.064863 0.0715628
0.00288644 0.00707209 0.0125641 0.0190401 0.0262131 0.0338319 0.0416805 0.0495805 0.0573963 0.0650446 0.0717628
0.0028947 0.00709221 0.0125998 0.019094 0.026287 0.0339271 0.0417975 0.0497195 0.0575568 0.0652263 0.0719628
0.00290295 0.00711233 0.0126354 0.0191478 0.026361 0.0340223 0.0419146 0.0498585 0.0577174 0.0654079 0.0721628
0.0029112 0.00713245 0.012671 0.0192016 0.0264349 0.0341176 0.0420317 0.0499975 0.057878 0.0655896 0.0723628
0.00291945 0.00715258 0.0127066 0.0192555 0.0265088 0.0342128 0.0421487 0.0501364 0.0580386 0.0657712 0.0725628
0.00292771 0.0071727 0.0127423 0.0193093 0.0265828 0.034308 0.0422658 0.0502754 0.0581991 0.0659529 0.0727628
0.00293596 0.00719282 0.0127779 0.0193631 0.0266567 0.0344032 0.0423828 0.0504144 0.0583597 0.0661345 0.0729628
0.00294421 0.00721294 0.0128135 0.019417 0.0267307 0.0344984 0.0424999 0.0505533 0.0585203 0.0663162 0.0731628
0.00295246 0.00723306 0.0128491 0.0194708 0.0268046 0.0345936 0.042617 0.0506923 0.0586808 0.0664978 0.0733628
0.00296072 0.00725318 0.0128847 0.0195246 0.0268785 0.0346889 0.042734 0.0508313 0.0588414 0.0666795 0.0735628
0.00296897 0.0072733 0.0129204 0.0195785 0.0269525 0.0347841 0.0428511 0.0509703 0.059002 0.0668611 0.0737628
0.00297722 0.00729343 0.012956 0.0196323 0.0270264 0.0348793 0.0429682 0.0511092 0.0591626 0.0670427 0.0739628
0.00298548 0.00731355 0.0129916 0.0196862 0.0271004 0.0349745 0.0430852 0.0512482 0.0593231 0.0672244 0.0741628
0.00299373 0.00733367 0.0130272 0.01974 0.0271743 0.0350697 0.0432023 0.0513872 0.0594837 0.067406 0.0743628
0.00300198 0.00735379 0.0130629 0.0197938 0.0272482 0.0351649 0.0433193 0.0515261 0.0596443 0.0675877 0.0745628
0.00301023 0.00737391 0.0130985 0.0198477 0.0273222 0.0352602 0.0434364 0.0516651 0.0598049 0.0677693 0.0747628
0.00301849 0.00739404 0.0131341 0.0199015 0.0273961 0.0353554 0.0435535 0.0518041 0.0599654 0.067951 0.0749628
0.00302674 0.00741416 0.0131698 0.0199553 0.02747 0.0354506 0.0436705 0.0519431 0.060126 0.0681326 0.0751628
0.00303499 0.00743428 0.0132054 0.0200092 0.027544 0.0355458 0.0437876 0.052082 0.0602866 0.0683143 0.0753628
0.00304325 0.0074544 0.013241 0.020063 0.0276179 0.035641 0.0439047 0.052221 0.0604472 0.0684959 0.0755628
0.0030515 0.00747453 0.0132766 0.0201169 0.0276919 0.0357363 0.0440217 0.05236 0.0606077 0.0686776 0.0757628
0.00305975 0.00749465 0.0133123 0.0201707 0.0277658 0.0358315 0.0441388 0.052499 0.0607683 0.0688592 0.0759628
0.003068 0.00751477 0.0133479 0.0202245 0.0278398 0.0359267 0.0442558 0.0526379 0.0609289 0.0690408 0.0761628
0.00307626 0.00753489 0.0133835 0.0202784 0.0279137 0.0360219 0.0443729 0.0527769 0.0610895 0.0692225 0.0763628
0.00308451 0.00755502 0.0134191 0.0203322 0.0279876 0.0361171 0.04449 0.0529159 0.06125 0.0694041 0.0765628
0.00309276 0.00757514 0.0134548 0.020386 0.0280616 0.0362124 0.044607 0.0530548 0.0614106 0.0695858 0.0767628
0.00310102 0.00759526 0.0134904 0.0204399 0.0281355 0.0363076 0.0447241 0.0531938 0.0615712 0.0697674 0.0769628
0.00310927 0.00761539 0.013526 0.0204937 0.0282095 0.0364028 0.0448412 0.0533328 0.0617318 0.0699491 0.0771628
0.00311752 0.00763551 0.0135616 0.0205476 0.0282834 0.036498 0.0449582 0.0534718 0.0618923 0.0701307 0.0773628
0.00312578 0.00765563 0.0135973 0.0206014 0.0283573 0.0365932 0.0450753 0.0536107 0.0620529 0.0703124 0.0775628
0.00313403 0.00767576 0.0136329 0.0206552 0.0284313 0.0366885 0.0451924 0.0537497 0.0622135 0.070494 0.0777628
0.00314228 0.00769588 0.0136685 0.0207091 0.0285052 0.0367837 0.0453094 0.0538887 0.0623741 0.0706757 0.0779628
0.00315054 0.007716 0.0137041 0.0207629 0.0285792 0.0368789 0.0454265 0.0540277 0.0625346 0.0708573 0.0781628
0.00315879 0.00773613 0.0137398 0.0208168 0.0286531 0.0369741 0.0455435 0.0541666 0.0626952 0.071039 0.0783628
0.00316704 0.00775625 0.0137754 0.0208706 0.0287271 0.0370693 0.0456606 0.0543056 0.0628558 0.0712206 0.0785628
0.0031753 0.00777637 0.013811 0.0209244 0.028801 0.0371646 0.0457777 0.0544446 0.0630164 0.0714022 0.0787628
0.00318355 0.0077965 0.0138467 0.0209783 0.0288749 0.0372598 0.0458947 0.0545836 0.0631769 0.0715839 0.0789628
0.0031918 0.00781662 0.0138823 0.0210321 0.0289489 0.037355 0.0460118 0.0547225 0.0633375 0.0717655 0.0791628
0.00320006 0.00783674 0.0139179 0.021086 0.0290228 0.0374502 0.0461289 0.0548615 0.0634981 0.0719472 0.0793628
0.00320831 0.00785687 0.0139535 0.0211398 0.0290968 0.0375454 0.0462459 0.0550005 0.0636587 0.0721288 0.0795628
0.00321657 0.00787699 0.0139892 0.0211937 0.0291707 0.0376407 0.046363 0.0551395 0.0638192 0.0723105 0.0797628
0.00322482 0.00789712 0.0140248 0.0212475 0.0292447 0.0377359 0.0464801 0.0552784 0.0639798 0.0724921 0.0799628
0.00323307 0.00791724 0.0140604 0.0213013 0.0293186 0.0378311 0.0465971 0.0554174 0.0641404 0.0726738 0.0801628
0.00324133 0.00793736 0.0140961 0.0213552 0.0293926 0.0379263 0.0467142 0.0555564 0.064301 0.0728554 0.0803628
0.00324958 0.00795749 0.0141317 0.021409 0.0294665 0.0380216 0.0468313 0.0556954 0.0644615 0.0730371 0.0805628
0.00325783 0.00797761 0.0141673 0.0214629 0.0295404 0.0381168 0.0469483 0.0558344 0.0646221 0.0732187 0.0807628
0.00326609 0.00799774 0.0142029 0.0215167 0.0296144 0.038212 0.0470654 0.0559733 0.0647827 0.0734004 0.0809628
0.00327434 0.00801786 0.0142386 0.0215706 0.0296883 0.0383072 0.0471825 0.0561123 0.0649433 0.073582 0.0811628
0.0032826 0.00803799 0.0142742 0.0216244 0.0297623 0.0384025 0.0472995 0.0562513 0.0651038 0.0737636 0.0813628
0.00329085 0.00805811 0.0143098 0.0216782 0.0298362 0.0384977 0.0474166 0.0563903 0.0652644 0.0739453 0.0815628
0.0032991 0.00807824 0.0143455 0.0217321 0.0299102 0.0385929 0.0475337 0.0565292 0.065425 0.0741269 0.0817628
0.00330736 0.00809836 0.0143811 0.0217859 0.0299841 0.0386881 0.0476507 0.0566682 0.0655856 0.0743086 0.0819628
0.00331561 0.00811849 0.0144167 0.0218398 0.0300581 0.0387834 0.0477678 0.0568072 0.0657462 0.0744902 0.0821628
0.00332387 0.00813861 0.0144523 0.0218936 0.030132 0.0388786 0.0478849 0.0569462 0.0659067 0.0746719 0.0823628
0.00333212 0.00815874 0.014488 0.0219475 0.030206 0.0389738 0.0480019 0.0570851 0.0660673 0.0748535 0.0825628
0.00334037 0.00817886 0.0145236 0.0220013 0.0302799 0.039069 0.048119 0.0572241 0.0662279 0.0750352 0.0827628
0.00334863 0.00819899 0.0145592 0.0220551 0.0303538 0.0391643 0.0482361 0.0573631 0.0663885 0.0752168 0.0829628
0.00335688 0.00821911 0.0145949 0.022109 0.0304278 0.0392595 0.0483532 0.0575021 0.066549 0.0753985 0.0831628
0.00336514 0.00823924 0.0146305 0.0221628 0.0305017 0.0393547 0.0484702 0.0576411 0.0667096 0.0755801 0.0833628
0.00337339 0.00825936 0.0146661 0.0222167 0.0305757 0.0394499 0.0485873 0.05778 0.0668702 0.0757618 0.0835628
0.00338165 0.00827949 0.0147018 0.0222705 0.0306496 0.0395452 0.0487044 0.057919 0.0670308 0.0759434 0.0837628
0.0033899 0.00829961 0.0147374 0.0223244 0.0307236 0.0396404 0.0488214 0.058058 0.0671913 0.076125 0.0839628
0.00339816 0.00831974 0.014773 0.0223782 0.0307975 0.0397356 0.0489385 0.058197 0.0673519 0.0763067 0.0841628
0.00340641 0.00833986 0.0148087 0.0224321 0.0308715 0.0398308 0.0490556 0.058336 0.0675125 0.0764883 0.0843628
0.00341466 0.00835999 0.0148443 0.0224859 0.0309454 0.0399261 0.0491726 0.0584749 0.0676731 0.07667 0.0845628
0.00342292 0.00838012 0.0148799 0.0225397 0.0310194 0.0400213 0.0492897 0.0586139 0.0678337 0.0768516 0.0847628
0.00343117 0.00840024 0.0149155 0.0225936 0.0310933 0.0401165 0.0494068 0.0587529 0.0679942 0.0770333 0.0849628
0.00343943 0.00842037 0.0149512 0.0226474 0.0311673 0.0402117 0.0495239 0.0588919 0.0681548 0.0772149 0.0851628
0.00344768 0.00844049 0.0149868 0.0227013 0.0312412 0.040307 0.0496409 0.0590308 0.0683154 0.0773966 0.0853628
0.00345594 0.00846062 0.0150224 0.0227551 0.0313152 0.0404022 0.049758 0.0591698 0.068476 0.0775782 0.0855628
0.00346419 0.00848075 0.0150581 0.022809 0.0313891 0.0404974 0.0498751 0.0593088 0.0686366 0.0777599 0.0857628
0.00347245 0.00850087 0.0150937 0.0228628 0.0314631 0.0405927 0.0499921 0.0594478 0.0687971 0.0779415 0.0859628
0.0034807 0.008521 0.0151293 0.0229167 0.031537 0.0406879 0.0501092 0.0595868 0.0689577 0.0781232 0.0861628
0.00348896 0.00854113 0.015165 0.0229705 0.031611 0.0407831 0.0502263 0.0597257 0.0691183 0.0783048 0.0863628
0.00349721 0.00856125 0.0152006 0.0230244 0.0316849 0.0408783 0.0503434 0.0598647 0.0692789 0.0784865 0.0865628
0.00350547 0.00858138 0.0152362 0.0230782 0.0317589 0.0409736 0.0504604 0.0600037 0.0694394 0.0786681 0.0867628
0.00351372 0.00860151 0.0152719 0.0231321 0.0318328 0.0410688 0.0505775 0.0601427 0.0696 0.0788497 0.0869628
0.00352198 0.00862163 0.0153075 0.0231859 0.0319068 0.041164 0.0506946 0.0602817 0.0697606 0.0790314 0.0871628
0.00353023 0.00864176 0.0153431 0.0232398 0.0319807 0.0412593 0.0508116 0.0604207 0.0699212 0.079213 0.0873628
0.00353849 0.00866189 0.0153788 0.0232936 0.0320547 0.0413545 0.0509287 0.0605596 0.0700818 0.0793947 0.0875628
0.00354674 0.00868202 0.0154144 0.0233474 0.0321286 0.0414497 0.0510458 0.0606986 0.0702423 0.0795763 0.0877628
0.003555 0.00870214 0.01545 0.0234013 0.0322026 0.041545 0.0511629 0.0608376 0.0704029 0.079758 0.0879628
0.00356325 0.00872227 0.0154857 0.0234551 0.0322765 0.0416402 0.0512799 0.0609766 0.0705635 0.0799396 0.0881628
0.00357151 0.0087424 0.0155213 0.023509 0.0323505 0.0417354 0.051397 0.0611156 0.0707241 0.0801213 0.0883628
0.00357976 0.00876252 0.0155569 0.0235628 0.0324244 0.0418306 0.0515141 0.0612545 0.0708847 0.0803029 0.0885628
0.00358802 0.00878265 0.0155926 0.0236167 0.0324984 0.0419259 0.0516312 0.0613935 0.0710452 0.0804846 0.0887628
0.00359627 0.00880278 0.0156282 0.0236705 0.0325723 0.0420211 0.0517482 0.0615325 0.0712058 0.0806662 0.0889628
0.00360453 0.00882291 0.0156638 0.0237244 0.0326463 0.0421163 0.0518653 0.0616715 0.0713664 0.0808479 0.0891628
0.00361278 0.00884304 0.0156995 0.0237782 0.0327203 0.0422116 0.0519824 0.0618105 0.071527 0.0810295 0.0893628
0.00362104 0.00886316 0.0157351 0.0238321 0.0327942 0.0423068 0.0520995 0.0619495 0.0716876 0.0812111 0.0895628
0.0036293 0.00888329 0.0157707 0.0238859 0.0328682 0.042402 0.0522165 0.0620884 0.0718481 0.0813928 0.0897628
0.00363755 0.00890342 0.0158064 0.0239398 0.0329421 0.0424973 0.0523336 0.0622274 0.0720087 0.0815744 0.0899628
0.00364581 0.00892355 0.015842 0.0239936 0.0330161 0.0425925 0.0524507 0.0623664 0.0721693 0.0817561 0.0901628
0.00365406 0.00894368 0.0158776 0.0240475 0.03309 0.0426877 0.0525678 0.0625054 0.0723299 0.0819377 0.0903628
0.00366232 0.0089638 0.0159133 0.0241013 0.033164 0.042783 0.0526848 0.0626444 0.0724905 0.0821194 0.0905628
0.00367057 0.00898393 0.0159489 0.0241552 0.0332379 0.0428782 0.0528019 0.0627834 0.072651 0.082301 0.0907628
0.00367883 0.00900406 0.0159845 0.024209 0.0333119 0.0429734 0.052919 0.0629223 0.0728116 0.0824827 0.0909628
0.00368709 0.00902419 0.0160202 0.0242629 0.0333858 0.0430687 0.0530361 0.0630613 0.0729722 0.0826643 0.0911628
0.00369534 0.00904432 0.0160558 0.0243167 0.0334598 0.0431639 0.0531531 0.0632003 0.0731328 0.082846 0.0913628
0.0037036 0.00906445 0.0160915 0.0243706 0.0335337 0.0432591 0.0532702 0.0633393 0.0732934 0.0830276 0.0915628
0.00371185 0.00908458 0.0161271 0.0244244 0.0336077 0.0433544 0.0533873 0.0634783 0.0734539 0.0832093 0.0917628
0.00372011 0.00910471 0.0161627 0.0244783 0.0336817 0.0434496 0.0535044 0.0636173 0.0736145 0.0833909 0.0919628
0.00372837 0.00912484 0.0161984 0.0245321 0.0337556 0.0435448 0.0536214 0.0637562 0.0737751 0.0835726 0.0921628
0.00373662 0.00914496 0.016234 0.024586 0.0338296 0.0436401 0.0537385 0.0638952 0.0739357 0.0837542 0.0923628
0.00374488 0.00916509 0.0162696 0.0246399 0.0339035 0.0437353 0.0538556 0.0640342 0.0740963 0.0839358 0.0925628
0.00375313 0.00918522 0.0163053 0.0246937 0.0339775 0.0438305 0.0539727 0.0641732 0.0742568 0.0841175 0.0927628
0.00376139 0.00920535 0.0163409 0.0247476 0.0340514 0.0439258 0.0540898 0.0643122 0.0744174 0.0842991 0.0929628
0.00376965 0.00922548 0.0163765 0.0248014 0.0341254 0.044021 0.0542068 0.0644512 0.074578 0.0844808 0.0931628
0.0037779 0.00924561 0.0164122 0.0248553 0.0341994 0.0441162 0.0543239 0.0645901 0.0747386 0.0846624 0.0933628
0.00378616 0.00926574 0.0164478 0.0249091 0.0342733 0.0442115 0.054441 0.0647291 0.0748992 0.0848441 0.0935628
0.00379442 0.00928587 0.0164835 0.024963 0.0343473 0.0443067 0.0545581 0.0648681 0.0750597 0.0850257 0.0937628
0.00380267 0.009306 0.0165191 0.0250168 0.0344212 0.044402 0.0546752 0.0650071 0.0752203 0.0852074 0.0939628
0.00381093 0.00932613 0.0165547 0.0250707 0.0344952 0.0444972 0.0547922 0.0651461 0.0753809 0.085389 0.0941628
0.00381918 0.00934626 0.0165904 0.0251245 0.0345691 0.0445924 0.0549093 0.0652851 0.0755415 0.0855707 0.0943628
0.00382744 0.00936639 0.016626 0.0251784 0.0346431 0.0446877 0.0550264 0.0654241 0.0757021 0.0857523 0.0945628
0.0038357 0.00938652 0.0166616 0.0252322 0.0347171 0.0447829 0.0551435 0.065563 0.0758627 0.085934 0.0947628
0.00384395 0.00940665 0.0166973 0.0252861 0.034791 0.0448781 0.0552605 0.065702 0.0760232 0.0861156 0.0949628
0.00385221 0.00942678 0.0167329 0.0253399 0.034865 0.0449734 0.0553776 0.065841 0.0761838 0.0862973 0.0951628
0.00386047 0.00944691 0.0167686 0.0253938 0.0349389 0.0450686 0.0554947 0.06598 0.0763444 0.0864789 0.0953628
0.00386872 0.00946704 0.0168042 0.0254477 0.0350129 0.0451639 0.0556118 0.066119 0.076505 0.0866605 0.0955628
0.00387698 0.00948717 0.0168398 0.0255015 0.0350869 0.0452591 0.0557289 0.066258 0.0766656 0.0868422 0.0957628
0.00388524 0.0095073 0.0168755 0.0255554 0.0351608 0.0453543 0.0558459 0.066397 0.0768262 0.0870238 0.0959628
0.00389349 0.00952744 0.0169111 0.0256092 0.0352348 0.0454496 0.055963 0.066536 0.0769867 0.0872055 0.0961628
0.00390175 0.00954757 0.0169468 0.0256631 0.0353087 0.0455448 0.0560801 0.0666749 0.0771473 0.0873871 0.0963628
0.00391001 0.0095677 0.0169824 0.0257169 0.0353827 0.04564 0.0561972 0.0668139 0.0773079 0.0875688 0.0965628
0.00391827 0.00958783 0.017018 0.0257708 0.0354567 0.0457353 0.0563143 0.0669529 0.0774685 0.0877504 0.0967628
0.00392652 0.00960796 0.0170537 0.0258246 0.0355306 0.0458305 0.0564314 0.0670919 0.0776291 0.0879321 0.0969628
0.00393478 0.00962809 0.0170893 0.0258785 0.0356046 0.0459258 0.0565484 0.0672309 0.0777897 0.0881137 0.0971628
0.00394304 0.00964822 0.017125 0.0259324 0.0356785 0.046021 0.0566655 0.0673699 0.0779502 0.0882954 0.0973628
0.00395129 0.00966835 0.0171606 0.0259862 0.0357525 0.0461162 0.0567826 0.0675089 0.0781108 0.088477 0.0975628
0.00395955 0.00968849 0.0171962 0.0260401 0.0358265 0.0462115 0.0568997 0.0676479 0.0782714 0.0886587 0.0977628
0.00396781 0.00970862 0.0172319 0.0260939 0.0359004 0.0463067 0.0570168 0.0677869 0.078432 0.0888403 0.0979628
0.00397607 0.00972875 0.0172675 0.0261478 0.0359744 0.046402 0.0571339 0.0679258 0.0785926 0.089022 0.0981628
0.00398432 0.00974888 0.0173032 0.0262016 0.0360484 0.0464972 0.0572509 0.0680648 0.0787532 0.0892036 0.0983628
0.00399258 0.00976901 0.0173388 0.0262555 0.0361223 0.0465925 0.057368 0.0682038 0.0789137 0.0893853 0.0985628
0.00400084 0.00978915 0.0173744 0.0263094 0.0361963 0.0466877 0.0574851 0.0683428 0.0790743 0.0895669 0.0987628
0.0040091 0.00980928 0.0174101 0.0263632 0.0362702 0.0467829 0.0576022 0.0684818 0.0792349 0.0897485 0.0989628
0.00401735 0.00982941 0.0174457 0.0264171 0.0363442 0.0468782 0.0577193 0.0686208 0.0793955 0.0899302 0.0991628
0.00402561 0.00984954 0.0174814 0.0264709 0.0364182 0.0469734 0.0578364 0.0687598 0.0795561 0.0901118 0.0993628
0.00403387 0.00986967 0.017517 0.0265248 0.0364921 0.0470687 0.0579534 0.0688988 0.0797167 0.0902935 0.0995628
0.00404213 0.00988981 0.0175526 0.0265787 0.0365661 0.0471639 0.0580705 0.0690378 0.0798772 0.0904751 0.0997628
0.00405038 0.00990994 0.0175883 0.0266325 0.0366401 0.0472591 0.0581876 0.0691767 0.0800378 0.0906568 0.0999628
0.00405864 0.00993007 0.0176239 0.0266864 0.036714 0.0473544 0.0583047 0.0693157 0.0801984 0.0908384 0.100163
0.0040669 0.00995021 0.0176596 0.0267402 0.036788 0.0474496 0.0584218 0.0694547 0.080359 0.0910201 0.100363
0.00407516 0.00997034 0.0176952 0.0267941 0.036862 0.0475449 0.0585389 0.0695937 0.0805196 0.0912017 0.100563
0.00408341 0.00999047 0.0177309 0.026848 0.0369359 0.0476401 0.0586559 0.0697327 0.0806802 0.0913834 0.100763
0.00409167 0.0100106 0.0177665 0.0269018 0.0370099 0.0477354 0.058773 0.0698717 0.0808407 0.091565 0.100963
0.00409993 0.0100307 0.0178021 0.0269557 0.0370838 0.0478306 0.0588901 0.0700107 0.0810013 0.0917467 0.101163
0.00410819 0.0100509 0.0178378 0.0270095 0.0371578 0.0479259 0.0590072 0.0701497 0.0811619 0.0919283 0.101363
0.00411645 0.010071 0.0178734 0.0270634 0.0372318 0.0480211 0.0591243 0.0702887 0.0813225 0.09211 0.101563
0.0041247 0.0100911 0.0179091 0.0271173 0.0373057 0.0481163 0.0592414 0.0704277 0.0814831 0.0922916 0.101763
0.00413296 0.0101113 0.0179447 0.0271711 0.0373797 0.0482116 0.0593585 0.0705667 0.0816437 0.0924733 0.101963
0.00414122 0.0101314 0.0179804 0.027225 0.0374537 0.0483068 0.0594756 0.0707057 0.0818043 0.0926549 0.102163
0.00414948 0.0101515 0.018016 0.0272788 0.0375276 0.0484021 0.0595926 0.0708446 0.0819648 0.0928365 0.102363
0.00415774 0.0101717 0.0180516 0.0273327 0.0376016 0.0484973 0.0597097 0.0709836 0.0821254 0.0930182 0.102563
0.004166 0.0101918 0.0180873 0.0273866 0.0376756 0.0485926 0.0598268 0.0711226 0.082286 0.0931998 0.102763
0.00417425 0.0102119 0.0181229 0.0274404 0.0377495 0.0486878 0.0599439 0.0712616 0.0824466 0.0933815 0.102963
0.00418251 0.0102321 0.0181586 0.0274943 0.0378235 0.0487831 0.060061 0.0714006 0.0826072 0.0935631 0.103163
0.00419077 0.0102522 0.0181942 0.0275482 0.0378975 0.0488783 0.0601781 0.0715396 0.0827678 0.0937448 0.103363
0.00419903 0.0102723 0.0182299 0.027602 0.0379715 0.0489736 0.0602952 0.0716786 0.0829284 0.0939264 0.103563
0.00420729 0.0102925 0.0182655 0.0276559 0.0380454 0.0490688 0.0604123 0.0718176 0.0830889 0.0941081 0.103763
0.00421555 0.0103126 0.0183012 0.0277097 0.0381194 0.0491641 0.0605293 0.0719566 0.0832495 0.0942897 0.103963
0.00422381 0.0103327 0.0183368 0.0277636 0.0381934 0.0492593 0.0606464 0.0720956 0.0834101 0.0944714 0.104163
0.00423206 0.0103529 0.0183724 0.0278175 0.0382673 0.0493545 0.0607635 0.0722346 0.0835707 0.094653 0.104363
0.00424032 0.010373 0.0184081 0.0278713 0.0383413 0.0494498 0.0608806 0.0723736 0.0837313 0.0948347 0.104563
0.00424858 0.0103932 0.0184437 0.0279252 0.0384153 0.049545 0.0609977 0.0725126 0.0838919 0.0950163 0.104763
0.00425684 0.0104133 0.0184794 0.0279791 0.0384892 0.0496403 0.0611148 0.0726516 0.0840525 0.095198 0.104963
0.0042651 0.0104334 0.018515 0.0280329 0.0385632 0.0497355 0.0612319 0.0727906 0.0842131 0.0953796 0.105163
0.00427336 0.0104536 0.0185507 0.0280868 0.0386372 0.0498308 0.061349 0.0729296 0.0843736 0.0955613 0.105363
0.00428162 0.0104737 0.0185863 0.0281407 0.0387111 0.049926 0.0614661 0.0730685 0.0845342 0.0957429 0.105563
0.00428988 0.0104938 0.018622 0.0281945 0.0387851 0.0500213 0.0615832 0.0732075 0.0846948 0.0959245 0.105763
0.00429814 0.010514 0.0186576 0.0282484 0.0388591 0.0501165 0.0617002 0.0733465 0.0848554 0.0961062 0.105963
0.00430639 0.0105341 0.0186933 0.0283022 0.0389331 0.0502118 0.0618173 0.0734855 0.085016 0.0962878 0.106163
0.00431465 0.0105542 0.0187289 0.0283561 0.039007 0.050307 0.0619344 0.0736245 0.0851766 0.0964695 0.106363
0.00432291 0.0105744 0.0187645 0.02841 0.039081 0.0504023 0.0620515 0.0737635 0.0853372 0.0966511 0.106563
0.00433117 0.0105945 0.0188002 0.0284638 0.039155 0.0504975 0.0621686 0.0739025 0.0854977 0.0968328 0.106763
0.00433943 0.0106146 0.0188358 0.0285177 0.0392289 0.0505928 0.0622857 0.0740415 0.0856583 0.0970144 0.106963
0.00434769 0.0106348 0.0188715 0.0285716 0.0393029 0.050688 0.0624028 0.0741805 0.0858189 0.0971961 0.107163
0.00435595 0.0106549 0.0189071 0.0286254 0.0393769 0.0507833 0.0625199 0.0743195 0.0859795 0.0973777 0.107363
0.00436421 0.0106751 0.0189428 0.0286793 0.0394509 0.0508785 0.062637 0.0744585 0.0861401 0.0975594 0.107563
0.00437247 0.0106952 0.0189784 0.0287332 0.0395248 0.0509738 0.0627541 0.0745975 0.0863007 0.097741 0.107763
0.00438073 0.0107153 0.0190141 0.028787 0.0395988 0.051069 0.0628712 0.0747365 0.0864613 0.0979227 0.107963
0.00438899 0.0107355 0.0190497 0.0288409 0.0396728 0.0511643 0.0629883 0.0748755 0.0866219 0.0981043 0.108163
0.00439725 0.0107556 0.0190854 0.0288948 0.0397468 0.0512596 0.0631054 0.0750145 0.0867825 0.098286 0.108363
0.00440551 0.0107757 0.019121 0.0289486 0.0398207 0.0513548 0.0632224 0.0751535 0.086943 0.0984676 0.108563
0.00441377 0.0107959 0.0191567 0.0290025 0.0398947 0.0514501 0.0633395 0.0752925 0.0871036 0.0986493 0.108763
0.00442203 0.010816 0.0191923 0.0290564 0.0399687 0.0515453 0.0634566 0.0754315 0.0872642 0.0988309 0.108963
0.00443029 0.0108361 0.019228 0.0291102 0.0400427 0.0516406 0.0635737 0.0755705 0.0874248 0.0990126 0.109163
0.00443855 0.0108563 0.0192636 0.0291641 0.0401166 0.0517358 0.0636908 0.0757095 0.0875854 0.0991942 0.109363
0.00444681 0.0108764 0.0192993 0.029218 0.0401906 0.0518311 0.0638079 0.0758485 0.087746 0.0993758 0.109563
0.00445507 0.0108966 0.0193349 0.0292719 0.0402646 0.0519263 0.063925 0.0759875 0.0879066 0.0995575 0.109763
0.00446333 0.0109167 0.0193706 0.0293257 0.0403386 0.0520216 0.0640421 0.0761265 0.0880672 0.0997391 0.109963
0.00447159 0.0109368 0.0194062 0.0293796 0.0404125 0.0521168 0.0641592 0.0762655 0.0882278 0.0999208 0.110163
0.00447985 0.010957 0.0194419 0.0294335 0.0404865 0.0522121 0.0642763 0.0764045 0.0883883 0.100102 0.110363
0.00448811 0.0109771 0.0194775 0.0294873 0.0405605 0.0523073 0.0643934 0.0765435 0.0885489 0.100284 0.110563
0.00449637 0.0109972 0.0195132 0.0295412 0.0406345 0.0524026 0.0645105 0.0766825 0.0887095 0.100466 0.110763
0.00450463 0.0110174 0.0195488 0.0295951 0.0407084 0.0524979 0.0646276 0.0768215 0.0888701 0.100647 0.110963
0.00451289 0.0110375 0.0195845 0.0296489 0.0407824 0.0525931 0.0647447 0.0769605 0.0890307 0.100829 0.111163
0.00452115 0.0110577 0.0196201 0.0297028 0.0408564 0.0526884 0.0648618 0.0770995 0.0891913 0.101011 0.111363
0.00452941 0.0110778 0.0196558 0.0297567 0.0409304 0.0527836 0.0649789 0.0772385 0.0893519 0.101192 0.111563
0.00453767 0.0110979 0.0196914 0.0298106 0.0410043 0.0528789 0.065096 0.0773775 0.0895125 0.101374 0.111763
0.00454593 0.0111181 0.0197271 0.0298644 0.0410783 0.0529741 0.0652131 0.0775165 0.0896731 0.101556 0.111963
0.00455419 0.0111382 0.0197627 0.0299183 0.0411523 0.0530694 0.0653302 0.0776555 0.0898336 0.101737 0.112163
0.00456245 0.0111584 0.0197984 0.0299722 0.0412263 0.0531647 0.0654473 0.0777945 0.0899942 0.101919 0.112363
0.00457071 0.0111785 0.019834 0.030026 0.0413003 0.0532599 0.0655644 0.0779335 0.0901548 0.102101 0.112563
0.00457897 0.0111986 0.0198697 0.0300799 0.0413742 0.0533552 0.0656815 0.0780725 0.0903154 0.102282 0.112763
0.00458723 0.0112188 0.0199053 0.0301338 0.0414482 0.0534504 0.0657986 0.0782115 0.090476 0.102464 0.112963
0.00459549 0.0112389 0.019941 0.0301877 0.0415222 0.0535457 0.0659157 0.0783505 0.0906366 0.102645 0.113163
0.00460375 0.0112591 0.0199766 0.0302415 0.0415962 0.0536409 0.0660328 0.0784895 0.0907972 0.102827 0.113363
0.00461201 0.0112792 0.0200123 0.0302954 0.0416702 0.0537362 0.0661499 0.0786285 0.0909578 0.103009 0.113563
0.00462028 0.0112993 0.0200479 0.0303493 0.0417441 0.0538315 0.066267 0.0787675 0.0911184 0.10319 0.113763
0.00462854 0.0113195 0.0200836 0.0304031 0.0418181 0.0539267 0.0663841 0.0789065 0.091279 0.103372 0.113963
0.0046368 0.0113396 0.0201192 0.030457 0.0418921 0.054022 0.0665012 0.0790455 0.0914396 0.103554 0.114163
0.00464506 0.0113598 0.0201549 0.0305109 0.0419661 0.0541172 0.0666183 0.0791845 0.0916001 0.103735 0.114363
0.00465332 0.0113799 0.0201906 0.0305648 0.0420401 0.0542125 0.0667354 0.0793235 0.0917607 0.103917 0.114563
0.00466158 0.0114 0.0202262 0.0306186 0.042114 0.0543078 0.0668525 0.0794625 0.0919213 0.104099 0.114763
0.00466984 0.0114202 0.0202619 0.0306725 0.042188 0.054403 0.0669696 0.0796015 0.0920819 0.10428 0.114963
0.0046781 0.0114403 0.0202975 0.0307264 0.042262 0.0544983 0.0670867 0.0797405 0.0922425 0.104462 0.115163
0.00468636 0.0114605 0.0203332 0.0307803 0.042336 0.0545935 0.0672038 0.0798795 0.0924031 0.104644 0.115363
0.00469463 0.0114806 0.0203688 0.0308341 0.04241 0.0546888 0.0673209 0.0800185 0.0925637 0.104825 0.115563
0.00470289 0.0115007 0.0204045 0.030888 0.0424839 0.0547841 0.067438 0.0801575 0.0927243 0.105007 0.115763
0.00471115 0.0115209 0.0204401 0.0309419 0.0425579 0.0548793 0.0675551 0.0802965 0.0928849 0.105189 0.115963
0.00471941 0.011541 0.0204758 0.0309958 0.0426319 0.0549746 0.0676722 0.0804355 0.0930455 0.10537 0.116163
0.00472767 0.0115612 0.0205114 0.0310496 0.0427059 0.0550699 0.0677893 0.0805745 0.0932061 0.105552 0.116363
0.00473593 0.0115813 0.0205471 0.0311035 0.0427799 0.0551651 0.0679064 0.0807135 0.0933667 0.105734 0.116563
0.0047442 0.0116014 0.0205827 0.0311574 0.0428539 0.0552604 0.0680235 0.0808525 0.0935273 0.105915 0.116763
0.00475246 0.0116216 0.0206184 0.0312113 0.0429278 0.0553556 0.0681406 0.0809915 0.0936878 0.106097 0.116963
0.00476072 0.0116417 0.0206541 0.0312652 0.0430018 0.0554509 0.0682577 0.0811305 0.0938484 0.106278 0.117163
0.00476898 0.0116619 0.0206897 0.031319 0.0430758 0.0555462 0.0683748 0.0812695 0.094009 0.10646 0.117363
0.00477724 0.011682 0.0207254 0.0313729 0.0431498 0.0556414 0.0684919 0.0814085 0.0941696 0.106642 0.117563
0.0047855 0.0117021 0.020761 0.0314268 0.0432238 0.0557367 0.068609 0.0815476 0.0943302 0.106823 0.117763
0.00479377 0.0117223 0.0207967 0.0314807 0.0432978 0.055832 0.0687261 0.0816866 0.0944908 0.107005 0.117963
0.00480203 0.0117424 0.0208323 0.0315345 0.0433718 0.0559272 0.0688432 0.0818256 0.0946514 0.107187 0.118163
0.00481029 0.0117626 0.020868 0.0315884 0.0434457 0.0560225 0.0689603 0.0819646 0.094812 0.107368 0.118363
0.00481855 0.0117827 0.0209037 0.0316423 0.0435197 0.0561178 0.0690774 0.0821036 0.0949726 0.10755 0.118563
0.00482682 0.0118029 0.0209393 0.0316962 0.0435937 0.056213 0.0691945 0.0822426 0.0951332 0.107732 0.118763
0.00483508 0.011823 0.020975 0.0317501 0.0436677 0.0563083 0.0693116 0.0823816 0.0952938 0.107913 0.118963
0.00484334 0.0118431 0.0210106 0.0318039 0.0437417 0.0564036 0.0694287 0.0825206 0.0954544 0.108095 0.119163
0.0048516 0.0118633 0.0210463 0.0318578 0.0438157 0.0564988 0.0695458 0.0826596 0.095615 0.108277 0.119363
0.00485986 0.0118834 0.0210819 0.0319117 0.0438897 0.0565941 0.0696629 0.0827986 0.0957756 0.108458 0.119563
0.00486813 0.0119036 0.0211176 0.0319656 0.0439637 0.0566894 0.0697801 0.0829376 0.0959362 0.10864 0.119763
0.00487639 0.0119237 0.0211533 0.0320195 0.0440376 0.0567846 0.0698972 0.0830766 0.0960967 0.108822 0.119963
0.00488465 0.0119439 0.0211889 0.0320733 0.0441116 0.0568799 0.0700143 0.0832156 0.0962573 0.109003 0.120163
0.00489291 0.011964 0.0212246 0.0321272 0.0441856 0.0569752 0.0701314 0.0833546 0.0964179 0.109185 0.120363
0.00490118 0.0119841 0.0212602 0.0321811 0.0442596 0.0570704 0.0702485 0.0834936 0.0965785 0.109366 0.120563
0.00490944 0.0120043 0.0212959 0.032235 0.0443336 0.0571657 0.0703656 0.0836327 0.0967391 0.109548 0.120763
0.0049177 0.0120244 0.0213315 0.0322889 0.0444076 0.057261 0.0704827 0.0837717 0.0968997 0.10973 0.120963
0.00492597 0.0120446 0.0213672 0.0323427 0.0444816 0.0573562 0.0705998 0.0839107 0.0970603 0.109911 0.121163
0.00493423 0.0120647 0.0214029 0.0323966 0.0445556 0.0574515 0.0707169 0.0840497 0.0972209 0.110093 0.121363
0.00494249 0.0120849 0.0214385 0.0324505 0.0446295 0.0575468 0.070834 0.0841887 0.0973815 0.110275 0.121563
0.00495075 0.012105 0.0214742 0.0325044 0.0447035 0.057642 0.0709511 0.0843277 0.0975421 0.110456 0.121763
0.00495902 0.0121252 0.0215098 0.0325583 0.0447775 0.0577373 0.0710682 0.0844667 0.0977027 0.110638 0.121963
0.00496728 0.0121453 0.0215455 0.0326121 0.0448515 0.0578326 0.0711853 0.0846057 0.0978633 0.11082 0.122163
0.00497554 0.0121654 0.0215812 0.032666 0.0449255 0.0579278 0.0713025 0.0847447 0.0980239 0.111001 0.122363
0.00498381 0.0121856 0.0216168 0.0327199 0.0449995 0.0580231 0.0714196 0.0848837 0.0981845 0.111183 0.122563
0.00499207 0.0122057 0.0216525 0.0327738 0.0450735 0.0581184 0.0715367 0.0850227 0.0983451 0.111365 0.122763
0.00500033 0.0122259 0.0216881 0.0328277 0.0451475 0.0582137 0.0716538 0.0851618 0.0985057 0.111546 0.122963
0.0050086 0.012246 0.0217238 0.0328816 0.0452215 0.0583089 0.0717709 0.0853008 0.0986663 0.111728 0.123163
0.00501686 0.0122662 0.0217595 0.0329354 0.0452955 0.0584042 0.071888 0.0854398 0.0988269 0.11191 0.123363
0.00502512 0.0122863 0.0217951 0.0329893 0.0453695 0.0584995 0.0720051 0.0855788 0.0989875 0.112091 0.123563
0.00503339 0.0123065 0.0218308 0.0330432 0.0454435 0.0585947 0.0721222 0.0857178 0.0991481 0.112273 0.123763
0.00504165 0.0123266 0.0218664 0.0330971 0.0455174 0.05869 0.0722393 0.0858568 0.0993087 0.112454 0.123963
0.00504992 0.0123467 0.0219021 0.033151 0.0455914 0.0587853 0.0723565 0.0859958 0.0994692 0.112636 0.124163
0.00505818 0.0123669 0.0219378 0.0332049 0.0456654 0.0588806 0.0724736 0.0861348 0.0996298 0.112818 0.124363
0.00506644 0.012387 0.0219734 0.0332588 0.0457394 0.0589758 0.0725907 0.0862738 0.0997904 0.112999 0.124563
0.00507471 0.0124072 0.0220091 0.0333126 0.0458134 0.0590711 0.0727078 0.0864129 0.099951 0.113181 0.124763
0.00508297 0.0124273 0.0220448 0.0333665 0.0458874 0.0591664 0.0728249 0.0865519 0.100112 0.113363 0.124963
0.00509123 0.0124475 0.0220804 0.0334204 0.0459614 0.0592617 0.072942 0.0866909 0.100272 0.113544 0.125163
0.0050995 0.0124676 0.0221161 0.0334743 0.0460354 0.0593569 0.0730591 0.0868299 0.100433 0.113726 0.125363
0.00510776 0.0124878 0.0221517 0.0335282 0.0461094 0.0594522 0.0731762 0.0869689 0.100593 0.113908 0.125563
0.00511603 0.0125079 0.0221874 0.0335821 0.0461834 0.0595475 0.0732934 0.0871079 0.100754 0.114089 0.125763
0.00512429 0.0125281 0.0222231 0.033636 0.0462574 0.0596428 0.0734105 0.0872469 0.100915 0.114271 0.125963
0.00513255 0.0125482 0.0222587 0.0336898 0.0463314 0.059738 0.0735276 0.0873859 0.101075 0.114453 0.126163
0.00514082 0.0125684 0.0222944 0.0337437 0.0464054 0.0598333 0.0736447 0.087525 0.101236 0.114634 0.126363
0.00514908 0.0125885 0.0223301 0.0337976 0.0464794 0.0599286 0.0737618 0.087664 0.101396 0.114816 0.126563
0.00515735 0.0126086 0.0223657 0.0338515 0.0465534 0.0600239 0.0738789 0.087803 0.101557 0.114998 0.126763
0.00516561 0.0126288 0.0224014 0.0339054 0.0466274 0.0601191 0.073996 0.087942 0.101718 0.115179 0.126963
0.00517388 0.0126489 0.0224371 0.0339593 0.0467014 0.0602144 0.0741132 0.088081 0.101878 0.115361 0.127163
0.00518214 0.0126691 0.0224727 0.0340132 0.0467754 0.0603097 0.0742303 0.08822 0.102039 0.115542 0.127363
0.00519041 0.0126892 0.0225084 0.0340671 0.0468494 0.060405 0.0743474 0.088359 0.102199 0.115724 0.127563
0.00519867 0.0127094 0.022544 0.0341209 0.0469234 0.0605002 0.0744645 0.0884981 0.10236 0.115906 0.127763
0.00520694 0.0127295 0.0225797 0.0341748 0.0469974 0.0605955 0.0745816 0.0886371 0.102521 0.116087 0.127963
0.0052152 0.0127497 0.0226154 0.0342287 0.0470714 0.0606908 0.0746987 0.0887761 0.102681 0.116269 0.128163
0.00522346 0.0127698 0.022651 0.0342826 0.0471454 0.0607861 0.0748159 0.0889151 0.102842 0.116451 0.128363
0.00523173 0.01279 0.0226867 0.0343365 0.0472194 0.0608813 0.074933 0.0890541 0.103002 0.116632 0.128563
0.00523999 0.0128101 0.0227224 0.0343904 0.0472934 0.0609766 0.0750501 0.0891931 0.103163 0.116814 0.128763
0.00524826 0.0128303 0.022758 0.0344443 0.0473674 0.0610719 0.0751672 0.0893321 0.103324 0.116996 0.128963
0.00525652 0.0128504 0.0227937 0.0344982 0.0474414 0.0611672 0.0752843 0.0894712 0.103484 0.117177 0.129163
0.00526479 0.0128706 0.0228294 0.0345521 0.0475154 0.0612625 0.0754014 0.0896102 0.103645 0.117359 0.129363
0.00527305 0.0128907 0.022865 0.034606 0.0475894 0.0613577 0.0755186 0.0897492 0.103805 0.117541 0.129563
0.00528132 0.0129109 0.0229007 0.0346598 0.0476634 0.061453 0.0756357 0.0898882 0.103966 0.117722 0.129763
0.00528959 0.012931 0.0229364 0.0347137 0.0477374 0.0615483 0.0757528 0.0900272 0.104127 0.117904 0.129963
0.00529785 0.0129512 0.022972 0.0347676 0.0478114 0.0616436 0.0758699 0.0901662 0.104287 0.118086 0.130163
0.00530612 0.0129713 0.0230077 0.0348215 0.0478854 0.0617389 0.075987 0.0903053 0.104448 0.118267 0.130363
0.00531438 0.0129915 0.0230434 0.0348754 0.0479594 0.0618341 0.0761042 0.0904443 0.104608 0.118449 0.130563
0.00532265 0.0130116 0.023079 0.0349293 0.0480334 0.0619294 0.0762213 0.0905833 0.104769 0.118631 0.130763
0.00533091 0.0130318 0.0231147 0.0349832 0.0481074 0.0620247 0.0763384 0.0907223 0.10493 0.118812 0.130963
0.00533918 0.0130519 0.0231504 0.0350371 0.0481814 0.06212 0.0764555 0.0908613 0.10509 0.118994 0.131163
0.00534744 0.0130721 0.023186 0.035091 0.0482554 0.0622153 0.0765726 0.0910004 0.105251 0.119175 0.131363
0.00535571 0.0130922 0.0232217 0.0351449 0.0483294 0.0623106 0.0766898 0.0911394 0.105411 0.119357 0.131563
0.00536398 0.0131124 0.0232574 0.0351988 0.0484034 0.0624058 0.0768069 0.0912784 0.105572 0.119539 0.131763
0.00537224 0.0131325 0.0232931 0.0352527 0.0484774 0.0625011 0.076924 0.0914174 0.105733 0.11972 0.131963
0.00538051 0.0131527 0.0233287 0.0353066 0.0485514 0.0625964 0.0770411 0.0915564 0.105893 0.119902 0.132163
0.00538877 0.0131728 0.0233644 0.0353605 0.0486254 0.0626917 0.0771582 0.0916954 0.106054 0.120084 0.132363
0.00539704 0.013193 0.0234001 0.0354144 0.0486994 0.062787 0.0772754 0.0918345 0.106214 0.120265 0.132563
0.00540531 0.0132131 0.0234357 0.0354682 0.0487734 0.0628823 0.0773925 0.0919735 0.106375 0.120447 0.132763
0.00541357 0.0132333 0.0234714 0.0355221 0.0488474 0.0629775 0.0775096 0.0921125 0.106536 0.120629 0.132963
0.00542184 0.0132534 0.0235071 0.035576 0.0489214 0.0630728 0.0776267 0.0922515 0.106696 0.12081 0.133163
0.0054301 0.0132736 0.0235427 0.0356299 0.0489954 0.0631681 0.0777439 0.0923905 0.106857 0.120992 0.133363
0.00543837 0.0132937 0.0235784 0.0356838 0.0490694 0.0632634 0.077861 0.0925296 0.107017 0.121174 0.133563
0.00544664 0.0133139 0.0236141 0.0357377 0.0491434 0.0633587 0.0779781 0.0926686 0.107178 0.121355 0.133763
0.0054549 0.013334 0.0236497 0.0357916 0.0492174 0.063454 0.0780952 0.0928076 0.107339 0.121537 0.133963
0.00546317 0.0133542 0.0236854 0.0358455 0.0492914 0.0635493 0.0782123 0.0929466 0.107499 0.121719 0.134163
0.00547144 0.0133743 0.0237211 0.0358994 0.0493654 0.0636445 0.0783295 0.0930856 0.10766 0.1219 0.134363
