45.3526 -332.182 -2.30542 -2.13272 45.0898 -232.86 -112.6 -1.96214 -1.0534 -1.81202 -0.243283 -0.547936 -1.09146 -0.259055 -0.677213 -0.958975 -0.159635 -0.476989 -0.685816 -0.183409 -0.413368 -0.642363
-225.808 -204.454 -1.09188 -2.00677 -225.19 -207.214 -97.0428 -1.87177 -0.86032 -0.97851 -0.780659 -0.62622 -0.632942 -1.1758 -0.636663 -0.217988 -0.7553 -0.274153 -0.344575 -0.237107 -0.210792 -0.323473
-162.195 -28.6808 -0.00428386 -0.437774 -161.789 -94.7449 -24.2208 -0.368106 -0.246628 0.00683172 -0.396762 -0.233263 0.0397791 -0.618475 -0.0481174 0.0368689 -0.360944 -0.0462769 0.0340236 -0.0907606 -0.0449448 0.0431063
16.6294 -145.195 -0.887378 -0.732104 16.5909 -96.7981 -47.8365 -0.688993 -0.455215 -0.754913 -0.0937196 -0.210494 -0.479717 -0.101665 -0.232582 -0.281254 -0.0779072 -0.170216 -0.229415 -0.072564 -0.145703 -0.221294
-76.718 -67.5174 -0.312922 -0.469034 -76.6458 -70.299 -29.986 -0.432579 -0.280162 -0.28779 -0.204377 -0.178547 -0.173492 -0.268315 -0.119228 -0.0613475 -0.204254 -0.0576935 -0.0794259 -0.0660757 -0.0615109 -0.0752966
-35.9587 -9.37529 -0.0210533 -0.0940734 -35.9245 -21.6352 -6.37524 -0.0880869 -0.0626414 -0.0180065 -0.0746792 -0.0495843 -0.00147609 -0.0995463 -0.0129481 0.000110744 -0.0716432 -0.0130126 0.000671016 -0.0179188 -0.00993301 0.00130344
5.33461 -32.3685 -0.196726 -0.141447 5.32995 -19.1429 -10.6054 -0.131963 -0.104981 -0.176809 -0.0174042 -0.0461514 -0.114485 -0.0181378 -0.04097 -0.0552552 -0.0159031 -0.0351281 -0.0492132 -0.0162791 -0.0316617 -0.0479556
-17.7295 -16.0563 -0.0753039 -0.0960321 -17.7244 -16.6704 -7.0834 -0.0883451 -0.0696756 -0.0704369 -0.0459138 -0.0422136 -0.0411022 -0.0539223 -0.0218177 -0.0153364 -0.0459304 -0.0144169 -0.0173147 -0.0154442 -0.0149298 -0.0166607
0.679384 -14.488 -0.0930653 -0.0660552 0.679257 -8.98124 -5.11227 -0.0610185 -0.0540017 -0.0861895 -0.0115121 -0.024226 -0.0557754 -0.0125367 -0.017486 -0.023562 -0.011219 -0.0161792 -0.0221951 -0.00865363 -0.0150865 -0.0218203
-8.15081 0.0760078 0.00898022 -0.00925355 -8.14838 -3.1417 -0.681649 -0.00863711 -0.00667723 0.00844077 -0.014662 -0.00761895 0.00797003 -0.0175751 5.96955e-05 0.00348282 -0.0144236 -0.000158621 0.00334903 -0.00277156 6.67028e-05 0.00335011
