0.000249347 0.000611865 0.00107771 0.00161559 0.00219743 0.0027996 0.00340267 0.00399171 0.00455673 0.0050939 0.00532282
0.000243386 0.000607275 0.00108741 0.00165069 0.00226797 0.0029141 0.00356817 0.00421401 0.00484079 0.00544395 0.00602849
5.14503e-05 0.000121436 0.000211069 0.000313225 0.000422558 0.000534685 0.000646075 0.000754049 0.00085686 0.00095388 0.00114559
5.75305e-05 0.000118151 0.000171359 0.000202531 0.000202261 0.000167476 0.000101252 1.16473e-05 -9.03939e-05 -0.000193964 -0.000278263
3.83458e-05 7.99201e-05 0.000118147 0.000142192 0.00014484 0.00012315 7.848e-05 1.58009e-05 -5.76726e-05 -0.000134429 -0.000208977
7.06821e-06 1.35383e-05 1.85501e-05 2.05571e-05 1.9053e-05 1.43977e-05 7.52618e-06 -4.22985e-07 -8.4515e-06 -1.59342e-05 -2.55096e-05
8.66896e-06 1.39857e-05 1.4005e-05 8.13506e-06 -1.27094e-06 -1.00182e-05 -1.40207e-05 -1.11411e-05 -2.07801e-06 1.01575e-05 2.12956e-05
6.01669e-06 9.84405e-06 1.02583e-05 6.62911e-06 3.68576e-07 -5.78487e-06 -9.02861e-06 -7.74313e-06 -2.15789e-06 5.8968e-06 1.40886e-05
3.106e-06 3.45966e-06 1.21302e-06 -1.87905e-06 -3.31398e-06 -1.9584e-06 9.80625e-07 2.95319e-06 2.16797e-06 -9.98632e-07 -4.35254e-06
6.55248e-07 1.12521e-06 1.27542e-06 9.1981e-07 1.34942e-07 -7.37507e-07 -1.247e-06 -1.09162e-06 -3.00192e-07 8.0305e-07 2.01414e-06
